0.001,5.e-6,0.9689684180715558,0.00652979442476205
0.001,5.1e-6,1.0399264982715897,0.005197898226000135
0.001,5.2e-6,1.1102093150549128,0.0038700978359026347
0.001,5.3e-6,1.1774539242573312,0.0025471217427076517
0.001,5.400000000000001e-6,1.2301616092818477,0.0012296596476997698
0.001,5.5e-6,1.2516888778456103,-0.00008163683706580854
0.001,5.6e-6,1.214704142742143,-0.001386153417627392
0.001,5.7000000000000005e-6,1.0702257389201009,-0.002683312282702438
0.001,5.8e-6,0.6776493235187321,-0.003972571212574265
0.001,5.9e-6,"(ϕ /. {ϕ, 100000})/""""",-0.0052534226404799544
0.001,6.e-6,"(ϕ /. {ϕ, 100000})/""""",-0.00652539267419814
0.006,0.00003,0.9689682282833836,0.006529794492342068
0.006,0.000030600000000000005,1.0399264474021013,0.005197898294760812
0.006,0.0000312,1.1102093562741342,0.003870097905799147
0.006,0.0000318,1.1774538282691673,0.0025471218136994683
0.006,0.0000324,1.2301615472232081,0.0012296597197419198
0.006,0.000032999999999999996,1.2516889082559652,-0.00008163676401356373
0.006,0.000033600000000000004,1.2147041281150792,-0.001386153343611557
0.006,0.000034200000000000005,1.070225854612829,-0.0026833122077618773
0.006,0.000034800000000000006,0.6776497442712116,-0.003972571136751854
0.006,0.0000354,"(ϕ /. {ϕ, 100000})/""""",-0.00525342256381614
0.006,0.000036,"(ϕ /. {ϕ, 100000})/""""",-0.006525392596731065
0.011,0.000054999999999999995,0.9689683442871236,0.006529794656463202
0.011,0.0000561,1.0399264596573687,0.005197898461750339
0.011,0.000057199999999999994,1.1102093407907059,0.0038700980755501727
0.011,0.000058299999999999994,1.177453844745722,0.0025471219861087427
0.011,0.0000594,1.230161582283952,0.0012296598947033124
0.011,0.00006049999999999999,1.2516889142510321,-0.00008163658660331752
0.011,0.00006159999999999999,1.2147041361471334,-0.0013861531638567626
0.011,0.00006269999999999999,1.070225787152146,-0.002683312025763482
0.011,0.0000638,0.6776499386170761,-0.003972570952611824
0.011,0.00006489999999999999,"(ϕ /. {ϕ, 100000})/""""",-0.005253422377632051
0.011,0.00006599999999999999,"(ϕ /. {ϕ, 100000})/""""",-0.006525392408599798
0.016,0.00008,0.9689681214434582,0.0065297949171262
0.016,0.0000816,1.0399263304417232,0.005197898726969179
0.016,0.0000832,1.1102093600666654,0.0038700983451564475
0.016,0.0000848,1.1774538982656617,0.00254712225993637
0.016,0.00008640000000000001,1.230161556238845,0.0012296601725856685
0.016,0.000088,1.2516889067066337,-0.0000816363048355695
0.016,0.0000896,1.2147042506887886,-0.0013861528783611354
0.016,0.00009120000000000001,1.0702259075118226,-0.0026833117367069184
0.016,0.0000928,0.6776502293924115,-0.003972570660152205
0.016,0.0000944,"(ϕ /. {ϕ, 100000})/""""",-0.005253422081925953
0.016,0.000096,"(ϕ /. {ϕ, 100000})/""""",-0.006525392109804094
0.021,0.000105,0.96896811828237,0.006529795274331354
0.021,0.00010710000000000001,1.0399264220123323,0.005197899090415771
0.021,0.0001092,1.1102092614420265,0.0038700987146178673
0.021,0.00011130000000000001,1.1774537690079792,0.0025471226351793455
0.021,0.00011340000000000002,1.230161550083238,0.0012296605533846094
0.021,0.0001155,1.2516888604793066,-0.00008163591870551101
0.021,0.00011760000000000001,1.2147042441230076,-0.0013861524871279993
0.021,0.00011970000000000001,1.0702259830563376,-0.0026833113405921455
0.021,0.00012180000000000002,0.6776506351242411,-0.003972570259373219
0.021,0.0001239,"(ϕ /. {ϕ, 100000})/""""",-0.005253421676700308
0.021,0.000126,"(ϕ /. {ϕ, 100000})/""""",-0.0065253917003409365
0.026000000000000002,0.00013000000000000002,0.9689680127022089,0.006529795728078866
0.026000000000000002,0.00013260000000000002,1.0399262856124265,0.0051978995520934115
0.026000000000000002,0.0001352,1.1102091921791113,0.003870099183933322
0.026000000000000002,0.00013780000000000002,1.1774535817356135,0.0025471231118433177
0.026000000000000002,0.00014040000000000002,1.230161416924131,0.0012296610371035077
0.026000000000000002,0.000143,1.2516888474299308,-0.00008163542821865849
0.026000000000000002,0.00014560000000000002,1.2147043359908374,-0.0013861519901569655
0.026000000000000002,0.00014820000000000002,1.0702262656635757,-0.002683310837418948
0.026000000000000002,0.00015080000000000003,0.6776512833678962,-0.00397256975027592
0.026000000000000002,0.00015340000000000002,"(ϕ /. {ϕ, 100000})/""""",-0.005253421161953188
0.026000000000000002,0.00015600000000000002,"(ϕ /. {ϕ, 100000})/""""",-0.006525391180213204
0.031,0.000155,0.9689679917806729,0.006529796278368284
0.031,0.00015810000000000002,1.0399261864422351,0.005197900111998971
0.031,0.0001612,1.1102091039107844,0.0038700997531035466
0.031,0.0001643,1.1774538256986784,0.0025471236899216945
0.031,0.0001674,1.2301613687847415,0.0012296616237419955
0.031,0.0001705,1.2516888579062773,-0.00008163483337005062
0.031,0.0001736,1.2147043422968156,-0.0013861513874460565
0.031,0.0001767,1.07022643563244,-0.002683310227186715
0.031,0.0001798,0.6776519310982154,-0.003972569132858643
0.031,0.0001829,"(ϕ /. {ϕ, 100000})/""""",-0.005253420537684399
0.031,0.000186,"(ϕ /. {ϕ, 100000})/""""",-0.006525390549418031
0.036000000000000004,0.00018,0.9689678900949698,0.006529796925199699
0.036000000000000004,0.00018360000000000004,1.0399262331665136,0.0051979007701359325
0.036000000000000004,0.00018720000000000002,1.1102090164945113,0.0038701004221266544
0.036000000000000004,0.00019080000000000003,1.1774536186405653,0.002547124369420624
0.036000000000000004,0.00019440000000000004,1.2301613984105588,0.0012296623133010443
0.036000000000000004,0.00019800000000000002,1.251688804836512,-0.00008163413416108212
0.036000000000000004,0.00020160000000000002,1.214704401599731,-0.0013861506789956402
0.036000000000000004,0.00020520000000000003,1.0702266931215554,-0.0026833095098940107
0.036000000000000004,0.00020880000000000003,0.6776526942569178,-0.003972568407123428
0.036000000000000004,0.0002124,"(ϕ /. {ϕ, 100000})/""""",-0.005253419803894162
0.036000000000000004,0.00021600000000000002,"(ϕ /. {ϕ, 100000})/""""",-0.00652538980795659
0.041,0.00020500000000000002,0.9689677801187854,0.006529797668574304
0.041,0.00020910000000000001,1.0399260778711263,0.005197901526501042
0.041,0.0002132,1.1102089026166144,0.003870101191007329
0.041,0.00021730000000000002,1.1774534364526186,0.002547125150338163
0.041,0.00022140000000000001,1.2301612463046612,0.0012296631057790303
0.041,0.0002255,1.2516887840220023,-0.00008163333059350159
0.041,0.0002296,1.2147044781843248,-0.0013861498648049184
0.041,0.00023370000000000002,1.0702268719706025,-0.0026833086855433605
0.041,0.00023780000000000003,0.6776538176957864,-0.003972567573068624
0.041,0.0002419,"(ϕ /. {ϕ, 100000})/""""",-0.0052534189605819015
0.041,0.000246,"(ϕ /. {ϕ, 100000})/""""",-0.006525388955828493
0.046,0.00023,0.9689676592627487,0.006529798508492009
0.046,0.0002346,1.0399259846700741,0.005197902381096929
0.046,0.0002392,1.1102088111501813,0.003870102059742711
0.046,0.0002438,1.1774533748567537,0.002547126032671182
0.046,0.0002484,1.23016114836443,0.001229664001177494
0.046,0.00025299999999999997,1.2516887852575334,-0.00008163242266546328
0.046,0.0002576,1.214704470870209,-0.0013861489448735928
0.046,0.00026220000000000003,1.070227314222205,-0.002683307754135743
0.046,0.00026680000000000003,0.6776547314519419,-0.003972566630693286
0.046,0.0002714,"(ϕ /. {ϕ, 100000})/""""",-0.00525341800774775
0.046,0.000276,"(ϕ /. {ϕ, 100000})/""""",-0.006525387993032601
0.051000000000000004,0.000255,0.9689675497595955,0.006529799444952009
0.051000000000000004,0.00026010000000000003,1.0399257799273742,0.0051979033339243155
0.051000000000000004,0.0002652,1.1102087283236197,0.0038701030283319615
0.051000000000000004,0.0002703,1.177453263799504,0.0025471270164241014
0.051000000000000004,0.0002754,1.2301610605106588,0.001229664999493875
0.051000000000000004,0.0002805,1.2516887817967413,-0.00008163141037811211
0.051000000000000004,0.0002856,1.2147046605019458,-0.0013861479192034953
0.051000000000000004,0.0002907,1.0702275362927367,-0.002683306715663969
0.051000000000000004,0.00029580000000000003,0.6776560849394159,-0.003972565579997318
0.051000000000000004,0.0003009,"(ϕ /. {ϕ, 100000})/""""",-0.00525341694539256
0.051000000000000004,0.000306,"(ϕ /. {ϕ, 100000})/""""",-0.006525386919569644
0.056,0.00028000000000000003,0.9689674098747935,0.006529800477955525
0.056,0.0002856,1.039925717595588,0.005197904384980599
0.056,0.0002912,1.110208457501988,0.0038701040967771064
0.056,0.0002968,1.177453143253587,0.0025471281015966643
0.056,0.00030240000000000003,1.2301609493121053,0.0012296661007339046
0.056,0.000308,1.251688654511184,-0.00008163029372715291
0.056,0.0003136,1.2147046776330688,-0.0013861467877938904
0.056,0.0003192,1.0702277977898673,-0.0026833055701350264
0.056,0.00032480000000000003,0.6776573015934745,-0.003972564420982046
0.056,0.0003304,"(ϕ /. {ϕ, 100000})/""""",-0.005253415773512522
0.056,0.00033600000000000004,"(ϕ /. {ϕ, 100000})/""""",-0.0065253857354412165
0.061,0.000305,0.9689673998808908,0.006529801607503077
0.061,0.0003111,1.0399254025227027,0.005197905534265919
0.061,0.00031719999999999996,1.1102082909569018,0.0038701052650794293
0.061,0.0003233,1.177452936564884,0.002547129288188933
0.061,0.0003294,1.2301608709803082,0.001229667304892386
0.061,0.00033549999999999997,1.2516886868787738,-0.0000816290727176025
0.061,0.0003416,1.2147048951886419,-0.0013861455506426756
0.061,0.0003477,1.0702282084865924,-0.0026833043175456747
0.061,0.00035380000000000003,0.6776588152739919,-0.0039725631536464134
0.061,0.00035989999999999997,"(ϕ /. {ϕ, 100000})/""""",-0.0052534144921118076
0.061,0.000366,"(ϕ /. {ϕ, 100000})/""""",-0.006525384440642219
0.066,0.00033,0.9689671241043512,0.006529802833592148
0.066,0.00033660000000000005,1.0399253873034089,0.00519790678178416
0.066,0.0003432,1.1102081751198623,0.003870106533235357
0.066,0.0003498,1.1774528153027264,0.0025471305761976468
0.066,0.00035640000000000004,1.2301607445749037,0.0012296686119711228
0.066,0.000363,1.2516886238748137,-0.00008162774734706696
0.066,0.00036960000000000004,1.2147049720194965,-0.0013861442077527653
0.066,0.00037620000000000004,1.07022868479715,-0.0026833029578971213
0.066,0.00038280000000000003,0.677660372700722,-0.003972561777989277
0.066,0.00038940000000000003,"(ϕ /. {ϕ, 100000})/""""",-0.005253413101187973
0.066,0.00039600000000000003,"(ϕ /. {ϕ, 100000})/""""",-0.006525383035175657
0.07100000000000001,0.00035500000000000006,0.9689668512213527,0.006529804156225991
0.07100000000000001,0.0003621000000000001,1.0399252601372515,0.005197908127531355
0.07100000000000001,0.00036920000000000003,1.110207940777933,0.003870107901250211
0.07100000000000001,0.00037630000000000004,1.177452662756875,0.0025471319656283076
0.07100000000000001,0.00038340000000000005,1.2301605402193343,0.0012296700219723636
0.07100000000000001,0.0003905,1.2516885597466745,-0.00008162631761584466
0.07100000000000001,0.0003976,1.2147050412397922,-0.0013861427591191702
0.07100000000000001,0.0004047000000000001,5.582975173118268e-6,-0.002683301491185633
0.07100000000000001,0.0004118000000000001,0.6776619201420759,-0.00397256029401314
0.07100000000000001,0.00041890000000000004,"(ϕ /. {ϕ, 100000})/""""",-0.00525341160073968
0.07100000000000001,0.00042600000000000005,"(ϕ /. {ϕ, 100000})/""""",-0.006525381519040349
0.076,0.00038,0.9689667669631616,0.0065298055754021075
0.076,0.00038760000000000004,1.0399250575219705,0.005197909571510048
0.076,0.00039519999999999996,1.1102077946864408,0.003870109369117032
0.076,0.0004028,1.1774524608135328,0.002547133456476766
0.076,0.0004104,1.2301603736580555,0.0012296715348932702
0.076,0.00041799999999999997,1.2516885283100658,-0.00008162478352272129
0.076,0.0004256,1.2147052102646916,-0.0013861412047476082
0.076,0.0004332,1.0702297481520358,-0.0026832999174149427
0.076,0.00044080000000000004,0.6776638912891191,-0.003972558701714056
0.076,0.0004484,"(ϕ /. {ϕ, 100000})/""""",-0.005253409990769703
0.076,0.000456,"(ϕ /. {ϕ, 100000})/""""",-0.006525379892240224
0.081,0.00040500000000000003,0.9689666230802191,0.006529807091122823
0.081,0.00041310000000000007,1.0399247490331196,0.005197911113721039
0.081,0.0004212,1.1102075525243653,0.0038701109368429187
0.081,0.0004293,1.1774522635978928,0.0025471350487441327
0.081,0.00043740000000000006,1.2301602701821042,0.0012296731507345088
0.081,0.0004455,1.2516884932846388,-0.000081623145066885
0.081,0.0004536,1.21470531502262,-0.0013861395446339644
0.081,0.00046170000000000006,1.070230176036954,-0.0026832982365845304
0.081,0.00046980000000000004,0.6776658507289542,-0.003972557001094522
0.081,0.0004779,"(ϕ /. {ϕ, 100000})/""""",-0.005253408271276676
0.081,0.00048600000000000005,"(ϕ /. {ϕ, 100000})/""""",-0.006525378154767239
0.08600000000000001,0.00043000000000000004,0.9689662190750274,0.006529808703388144
0.08600000000000001,0.0004386000000000001,1.0399245352523472,0.00519791275416033
0.08600000000000001,0.00044720000000000003,1.1102073170262992,0.0038701126044234854
0.08600000000000001,0.0004558,1.177452066853205,0.0025471367424315314
0.08600000000000001,0.00046440000000000007,1.230160169430788,0.0012296748695000068
0.08600000000000001,0.000473,1.2516884530654733,-0.00008162140225091014
0.08600000000000001,0.00048160000000000005,1.214705595541076,-0.0013861377787772883
0.08600000000000001,0.0004902000000000001,1.07023071140633,-0.0026832964486920574
0.08600000000000001,0.0004988000000000001,0.6776679441936301,-0.003972555192153317
0.08600000000000001,0.0005074000000000001,"(ϕ /. {ϕ, 100000})/""""",-0.005253406442258392
0.08600000000000001,0.0005160000000000001,"(ϕ /. {ϕ, 100000})/""""",-0.006525376306628881
0.091,0.000455,0.9689661261508548,0.006529810412196024
0.091,0.0004641,1.0399243439743102,0.005197914492833924
0.091,0.00047319999999999996,1.1102071050794229,0.003870114371862597
0.091,0.0004823,1.177451721114384,0.002547138537539434
0.091,0.0004914,1.2301599294436425,0.0012296766911855037
0.091,0.0005005,1.2516883279462918,-0.00008161955507293012
0.091,0.0005096,1.2147056706581127,-0.0013861359071798696
0.091,0.0005187,1.0702312176169495,-0.002683294553737385
0.091,0.0005278,0.6776699353450465,-0.003972553274889698
0.091,0.0005369,"(ϕ /. {ϕ, 100000})/""""",-0.005253404503715059
0.091,0.000546,"(ϕ /. {ϕ, 100000})/""""",-0.006525374347819642
0.096,0.00048,0.9689658537986091,0.006529812217547976
0.096,0.0004896000000000001,1.0399239058684255,0.005197916329737165
0.096,0.0004992,1.1102067464376157,0.00387011623915752
0.096,0.0005088,1.1774515374292416,0.0025471404340662654
0.096,0.0005184,1.2301597493295728,0.001229678615792193
0.096,0.0005279999999999999,1.2516883502176264,-0.00008161760353263964
0.096,0.0005376000000000001,1.2147058838706866,-0.0013861339298425965
0.096,0.0005472000000000001,1.0702319204923725,-0.002683292551724059
0.096,0.0005568000000000001,0.6776727223801281,-0.003972551249305643
0.096,0.0005664,"(ϕ /. {ϕ, 100000})/""""",-0.005253402455651542
0.096,0.000576,"(ϕ /. {ϕ, 100000})/""""",-0.006525372278341837
0.101,0.000505,0.9689656290278098,0.006529814119444845
0.101,0.0005151000000000001,1.0399236989254765,0.005197918264872023
0.101,0.0005252,1.1102065537579349,0.0038701182063085177
0.101,0.0005353000000000001,1.177451251634382,0.0025471424320157657
0.101,0.0005454,1.2301595220957964,0.0012296806433195126
0.101,0.0005555,1.2516881816108703,-0.00008161554762939338
0.101,0.0005656,1.2147060514393082,-0.0013861318467609657
0.101,0.0005757000000000001,1.070232498549201,-0.002683290442647167
0.101,0.0005858,0.6776748773115574,-0.003972549115399494
0.101,0.0005959,"(ϕ /. {ϕ, 100000})/""""",-0.005253400298060533
0.101,0.0006060000000000001,"(ϕ /. {ϕ, 100000})/""""",-0.00652537009819399
0.106,0.00053,0.9689653639370766,0.006529816117884973
0.106,0.0005406,1.039923456354314,0.005197920298238935
0.106,0.0005512,1.110206284888261,0.00387012027331754
0.106,0.0005618,1.1774510301758871,0.0025471445313837507
0.106,0.0005724,1.230159367970809,0.0012296827737705782
0.106,0.000583,1.2516881728029081,-0.00008161338736469015
0.106,0.0005936,1.214706238183617,-0.0013861296579397928
0.106,0.0006042,1.070233244332262,-0.0026832882265105246
0.106,0.0006148,0.6776774308959913,-0.003972546873170349
0.106,0.0006253999999999999,"(ϕ /. {ϕ, 100000})/""""",-0.005253398030945738
0.106,0.000636,"(ϕ /. {ϕ, 100000})/""""",-0.006525367807377322
0.111,0.000555,0.9689650736666485,0.006529818212871762
0.111,0.0005661,1.039923378833466,0.00519792242983768
0.111,0.0005771999999999999,1.1102060373222056,0.0038701224401824566
0.111,0.0005883,1.177450821410524,0.0025471467321717747
0.111,0.0005994,1.2301591051043883,0.0012296850071434537
0.111,0.0006104999999999999,1.251688016818729,-0.00008161112273820381
0.111,0.0006216,1.2147065005534414,-0.00138612736337472
0.111,0.0006327,1.0702339186965784,-0.002683285903310212
0.111,0.0006438,0.6776800990732622,-0.003972544522619276
0.111,0.0006549,"(ϕ /. {ϕ, 100000})/""""",-0.005253395654307123
0.111,0.000666,"(ϕ /. {ϕ, 100000})/""""",-0.006525365405888543
0.116,0.00058,0.9689647467171926,0.0065298204044011085
0.116,0.0005916000000000001,1.0399228707470864,0.005197924659665842
0.116,0.0006032,1.1102056700718728,0.003870124706905141
0.116,0.0006148,1.1774504740902114,0.0025471490343811423
0.116,0.0006264,1.2301587394400926,0.0012296873434405817
0.116,0.000638,1.2516880086158957,-0.00008160875374733922
0.116,0.0006496000000000001,1.2147065866212645,-0.0013861249630665248
0.116,0.0006612,1.0702348314054242,-0.0026832834730466174
0.116,0.0006728000000000001,0.6776829269406778,-0.003972542063745303
0.116,0.0006844,"(ϕ /. {ϕ, 100000})/""""",-0.005253393168142363
0.116,0.000696,"(ϕ /. {ϕ, 100000})/""""",-0.00652536289373145
0.121,0.000605,0.9689644836811161,0.006529822692475873
0.121,0.0006171,1.0399225723126502,0.005197926987728467
0.121,0.0006292,1.1102052201441732,0.0038701270734854062
0.121,0.0006413,1.1774501586408286,0.00254715143801109
0.121,0.0006534,1.230158699977484,0.0012296897826572367
0.121,0.0006655,1.251687940477553,-0.0000816062803953646
0.121,0.0006776,1.2147068505543723,-0.0013861224570200087
0.121,0.0006897,1.0702354570793118,-0.0026832809357230994
0.121,0.0007018,0.6776859148507217,-0.003972539496548598
0.121,0.0007139,"(ϕ /. {ϕ, 100000})/""""",-0.005253390572453234
0.121,0.000726,"(ϕ /. {ϕ, 100000})/""""",-0.006525360270904085
0.126,0.00063,0.9689641492001707,0.006529825077096062
0.126,0.0006426,1.0399222426177608,0.00519792941402486
0.126,0.0006552,1.1102050271463686,0.0038701295399237307
0.126,0.0006678,1.1774498824846307,0.0025471539430606052
0.126,0.0006804000000000001,1.2301583689819633,0.0012296923247962013
0.126,0.0006929999999999999,1.2516877039855296,-0.0000816037026793795
0.126,0.0007056,1.2147070358608836,-0.0013861198452260956
0.126,0.0007182,1.07023635829793,-0.002683278291337278
0.126,0.0007308000000000001,0.6776890304544241,-0.003972536821029028
0.126,0.0007434,"(ϕ /. {ϕ, 100000})/""""",-0.005253387867238085
0.126,0.000756,"(ϕ /. {ϕ, 100000})/""""",-0.006525357537405116
0.131,0.0006550000000000001,0.9689636473171832,0.00652982755826087
0.131,0.0006681,1.0399219128215786,0.005197931938551642
0.131,0.0006812,1.11020458153546,0.0038701321062184907
0.131,0.0006943,1.1774494774289463,0.0025471565495326365
0.131,0.0007074000000000001,1.2301581629663698,0.001229694969859134
0.131,0.0007205,1.2516877278015255,-0.00008160102059932145
0.131,0.0007336,1.2147072853381866,-0.001386117127691315
0.131,0.0007467000000000001,1.0702371324201445,-0.002683275539886766
0.131,0.0007598000000000001,0.6776921172297421,-0.0039725340371868575
0.131,0.0007729,"(ϕ /. {ϕ, 100000})/""""",-0.005253385052497131
0.131,0.000786,"(ϕ /. {ϕ, 100000})/""""",-0.006525354693235612
0.136,0.00068,0.9689634524939257,0.006529830135969875
0.136,0.0006936,1.0399216289549011,0.005197934561313164
0.136,0.0007072000000000001,1.110204478274972,0.0038701347723722745
0.136,0.0007208000000000001,1.1774491614338634,0.002547159257426483
0.136,0.0007344000000000001,1.2301578889868638,0.0012296977178442442
0.136,0.000748,1.2516876218329855,-0.00008159823415750805
0.136,0.0007616000000000001,1.2147074710896753,-0.0013861143044115454
0.136,0.0007752000000000001,1.0702380313946256,-0.00268327268137538
0.136,0.0007888000000000001,0.6776954840770119,-0.003972531145019588
0.136,0.0008024,"(ϕ /. {ϕ, 100000})/""""",-0.005253382128230406
0.136,0.0008160000000000001,"(ϕ /. {ϕ, 100000})/""""",-0.00652535173839628
0.14100000000000001,0.0007050000000000001,0.9689634112243961,0.006529832810225483
0.14100000000000001,0.0007191000000000001,1.0399211193457776,0.0051979372823026115
0.14100000000000001,0.0007332,1.1102040036227325,0.0038701375383831046
0.14100000000000001,0.0007473000000000001,1.177448853931664,0.002547162066738988
0.14100000000000001,0.0007614000000000001,1.2301575900811712,0.0012297005687520526
0.14100000000000001,0.0007755,1.2516875372323941,-0.00008159534335187152
0.14100000000000001,0.0007896000000000001,1.214707975286177,-0.0013861113753906446
0.14100000000000001,0.0008037000000000001,1.0702389161500756,-0.0026832697157996646
0.14100000000000001,0.0008178000000000001,0.6776990468713738,-0.003972528144530495
0.14100000000000001,0.0008319000000000001,"(ϕ /. {ϕ, 100000})/""""",-0.005253379094440291
0.14100000000000001,0.0008460000000000001,"(ϕ /. {ϕ, 100000})/""""",-0.0065253486728845955
0.146,0.00073,0.9689626539645643,0.006529835581024587
0.146,0.0007446,1.0399206842322568,0.005197940101527944
0.146,0.0007591999999999999,1.1102034851030271,0.0038701404042517998
0.146,0.0007737999999999999,1.1774484263689515,0.002547164977475619
0.146,0.0007884,1.2301573796095937,0.001229703522585092
0.146,0.0008029999999999999,1.2516875090634842,-0.00008159234818137795
0.146,0.0008175999999999999,1.2147080953882128,-0.0013861083406255734
0.146,0.0008322,1.0702398655934142,-0.0026832666431615693
0.146,0.0008468,0.677702772223301,-0.003972525035715928
0.146,0.0008613999999999999,"(ϕ /. {ϕ, 100000})/""""",-0.005253375951120132
0.146,0.0008759999999999999,"(ϕ /. {ϕ, 100000})/""""",-0.006525345496701494
0.151,0.000755,0.9689623973647018,0.006529838448371725
0.151,0.0007701,1.0399200567855078,0.00519794301898624
0.151,0.0007851999999999999,1.110203045685477,0.003870143369978915
0.151,0.0008003,1.177448056061636,0.0025471679896317614
0.151,0.0008154,1.230157067894195,0.0012297065793389558
0.151,0.0008305,1.2516873961803163,-0.00008158924865016987
0.151,0.0008456,1.2147083435742214,-0.0013861052001171645
0.151,0.0008607,1.0702408948248847,-0.0026832634634614203
0.151,0.0008758,0.6777061889763627,-0.003972521818579079
0.151,0.0008908999999999999,"(ϕ /. {ϕ, 100000})/""""",-0.00525337269827781
0.151,0.000906,"(ϕ /. {ϕ, 100000})/""""",-0.00652534220984953
0.156,0.00078,0.9689618221405276,0.006529841412263773
0.156,0.0007956,1.0399200669168809,0.005197946034676944
0.156,0.0008112,1.110202632759829,0.003870146435564714
0.156,0.0008268,1.177447681579461,0.0025471711032121896
0.156,0.0008424000000000001,1.2301566350354647,0.0012297097390200004
0.156,0.0008579999999999999,1.2516872426296963,-0.00008158604475180797
0.156,0.0008736,1.214708590414687,-0.0013861019538671249
0.156,0.0008892,1.0702418906457607,-0.0026832601766952693
0.156,0.0009048000000000001,0.6777100475363514,-0.003972518493117576
0.156,0.0009203999999999999,"(ϕ /. {ϕ, 100000})/""""",-0.005253369335906352
0.156,0.000936,"(ϕ /. {ϕ, 100000})/""""",-0.006525338812322423
0.161,0.000805,0.9689615933146146,0.006529844472699872
0.161,0.0008211000000000001,1.0399194821054976,0.005197949148600396
0.161,0.0008372,1.1102022308271988,0.003870149601009669
0.161,0.0008533,1.1774472808654324,0.002547174318212886
0.161,0.0008694000000000001,1.2301563121418038,0.001229713001621155
0.161,0.0008855,1.251687102421891,-0.00008158273648987274
0.161,0.0009016,1.2147089250468166,-0.001386098601870757
0.161,0.0009177,1.0702427755942159,-0.0026832567828667664
0.161,0.0009338000000000001,0.6777138216966773,-0.003972515059331341
0.161,0.0009499,"(ϕ /. {ϕ, 100000})/""""",-0.00525336586400655
0.161,0.0009660000000000001,"(ϕ /. {ϕ, 100000})/""""",-0.0065253353041242815
0.166,0.00083,0.9689612878737455,0.006529847629683408
0.166,0.0008466000000000001,1.0399191507328853,0.00519795236075736
0.166,0.0008632000000000001,1.1102017919433296,0.003870152866311781
0.166,0.0008798,1.1774468964794247,0.002547177634635092
0.166,0.0008964000000000001,1.2301560878615756,0.0012297163671481023
0.166,0.000913,1.2516869727364293,-0.00008157932386401723
0.166,0.0009296,1.2147092369486399,-0.001386095144130739
0.166,0.0009462000000000001,1.0702442050829686,-0.002683253281974378
0.166,0.0009628000000000001,0.6777179153790237,-0.0039725115172222075
0.166,0.0009794,"(ϕ /. {ϕ, 100000})/""""",-0.005253362282584273
0.166,0.0009960000000000001,"(ϕ /. {ϕ, 100000})/""""",-0.006525331685254196
0.171,0.0008550000000000001,0.9689607925030548,0.006529850883212743
0.171,0.0008721000000000001,1.039918635585022,0.005197955671147413
0.171,0.0008892,1.1102013928640113,0.003870156231474152
0.171,0.0009063000000000001,1.177446383115155,0.002547181052482063
0.171,0.0009234000000000001,1.230155721473496,0.001229719835597283
0.171,0.0009405,1.251686892969026,-0.00008157580687533084
0.171,0.0009576000000000001,1.2147094748402805,-0.0013860915806451352
0.171,0.0009747000000000001,1.0702451460136577,-0.0026832496740175
0.171,0.0009918000000000001,0.677722166621113,-0.00397250786678708
0.171,0.0010089,"(ϕ /. {ϕ, 100000})/""""",-0.005253358591630314
0.171,0.001026,"(ϕ /. {ϕ, 100000})/""""",-0.006525327955710994
0.17600000000000002,0.0008800000000000001,0.9689601776903058,0.006529854233289417
0.17600000000000002,0.0008976000000000001,1.0399180719335552,0.005197959079772482
0.17600000000000002,0.0009152,1.1102009242393938,0.003870159696494395
0.17600000000000002,0.0009328000000000001,1.177446021887013,0.002547184571748934
0.17600000000000002,0.0009504000000000001,1.2301555096602392,0.001229723406972097
0.17600000000000002,0.000968,1.2516868013199207,-0.00008157218551922002
0.17600000000000002,0.0009856,1.214709848693364,-0.0013860879114168528
0.17600000000000002,0.0010032,1.0702462924101754,-0.0026832459589973406
0.17600000000000002,0.0010208,0.6777265022771878,-0.003972504108027679
0.17600000000000002,0.0010384,"(ϕ /. {ϕ, 100000})/""""",-0.0052533547911527145
0.17600000000000002,0.001056,"(ϕ /. {ϕ, 100000})/""""",-0.006525324115497298
0.181,0.000905,0.968959832115596,0.00652985767990933
0.181,0.0009231,1.0399179082745127,0.005197962586629322
0.181,0.0009411999999999999,1.1102003338699151,0.003870163261375237
0.181,0.0009593,1.1774453768277564,0.0025471881924397297
0.181,0.0009774,1.2301550202467362,0.0012297270812709274
0.181,0.0009954999999999999,1.2516866508633269,-0.00008156845980055588
0.181,0.0010136,1.214710338691266,-0.001386084136443616
0.181,0.0010317,1.0702475777631466,-0.0026832421369109016
0.181,0.0010498,0.6777308857578037,-0.0039725002409422006
0.181,0.0010678999999999999,"(ϕ /. {ϕ, 100000})/""""",-0.005253350881146125
0.181,0.001086,"(ϕ /. {ϕ, 100000})/""""",-0.006525320164607773
0.186,0.00093,0.9689593856545035,0.006529861223076701
0.186,0.0009486000000000001,1.039917213889545,0.005197966191720582
0.186,0.0009672,1.1101997365704679,0.0038701669261115706
0.186,0.0009858,1.1774450928630467,0.0025471919145523686
0.186,0.0010044000000000001,1.2301546930027332,0.0012297308584932054
0.186,0.001023,1.2516865392955934,-0.00008156462971698614
0.186,0.0010416,1.2147105207686058,-0.0013860802557279298
0.186,0.0010602,1.0702487054865337,-0.002683238207762388
0.186,0.0010788,0.6777354649524547,-0.00397249626553095
0.186,0.0010974,"(ϕ /. {ϕ, 100000})/""""",-0.005253346861611552
0.186,0.001116,"(ϕ /. {ϕ, 100000})/""""",-0.006525316103048268
0.191,0.000955,0.9689587374585765,0.006529864862791404
0.191,0.0009741000000000001,1.0399167103783948,0.005197969895045132
0.191,0.0009932,1.1101992159708143,0.0038701706907103423
0.191,0.0010123,1.1774445202648816,0.0025471957380876903
0.191,0.0010314,1.2301542708028632,0.0012297347386407698
0.191,0.0010505,1.2516863838210002,-0.00008156069526635973
0.191,0.0010696,1.214710786211307,-0.0013860762692641318
0.191,0.0010887,1.07025005630697,-0.002683234171548289
0.191,0.0011078000000000001,0.6777401505369453,-0.003972492181796829
0.191,0.0011269,"(ϕ /. {ϕ, 100000})/""""",-0.005253342732548898
0.191,0.001146,"(ϕ /. {ϕ, 100000})/""""",-0.006525311930814744
0.196,0.00098,0.968958356463216,0.006529868599051664
0.196,0.0009996,1.0399161518149487,0.005197973696604394
0.196,0.0010192,1.1101987370075141,0.0038701745551672287
0.196,0.0010388,1.1774440404055437,0.002547199663045771
0.196,0.0010584000000000001,1.230153931161142,0.001229738721712656
0.196,0.001078,1.2516862919006113,-0.00008155665645362409
0.196,0.0010976,1.2147112623399985,-0.0013860721770556153
0.196,0.0011172,1.0702512243994549,-0.0026832300282686947
0.196,0.0011368,0.6777448968449513,-0.003972487989734853
0.196,0.0011564,"(ϕ /. {ϕ, 100000})/""""",-0.005253338493959321
0.196,0.001176,"(ϕ /. {ϕ, 100000})/""""",-0.006525307647906209
0.201,0.001005,0.9689578777826338,0.006529872431859492
0.201,0.0010251000000000001,1.0399156346440137,0.00519797759639893
0.201,0.0010452,1.1101982537052106,0.003870178519484936
0.201,0.0010653000000000001,1.177443498523408,0.0025472036894280126
0.201,0.0010854,1.2301535298423822,0.0012297428077095857
0.201,0.0011055,1.2516861599239748,-0.00008155251327168073
0.201,0.0011256,1.214711562360557,-0.0013860679791025468
0.201,0.0011457000000000001,1.0702525458809609,-0.0026832257779235633
0.201,0.0011658000000000003,0.6777497404445958,-0.003972483689348938
0.201,0.0011859000000000001,"(ϕ /. {ϕ, 100000})/""""",-0.0052533341458406504
0.201,0.001206,"(ϕ /. {ϕ, 100000})/""""",-0.006525303254326979
0.20600000000000002,0.00103,0.9689575224585087,0.006529876361214708
0.20600000000000002,0.0010506,1.0399151275287712,0.0051979815944268315
0.20600000000000002,0.0010712,1.110197616903486,0.0038701825836615494
0.20600000000000002,0.0010918000000000002,1.1774429996153193,0.0025472078172325344
0.20600000000000002,0.0011124000000000002,1.2301531328062658,0.0012297469966321764
0.20600000000000002,0.0011330000000000001,1.2516860070374176,-0.00008154826572754487
0.20600000000000002,0.0011536,1.2147118655461286,-0.0013860636754031153
0.20600000000000002,0.0011742000000000002,1.0702538334536122,-0.0026832214205145186
0.20600000000000002,0.0011948000000000002,0.6777547629869756,-0.003972479280636279
0.20600000000000002,0.0012154000000000002,"(ϕ /. {ϕ, 100000})/""""",-0.005253329688192539
0.20600000000000002,0.0012360000000000001,"(ϕ /. {ϕ, 100000})/""""",-0.006525298750073301
0.211,0.001055,0.9689568604041775,0.006529880387116077
0.211,0.0010761,1.0399144596641567,0.005197985690688273
0.211,0.0010972,1.110197081211785,0.003870186747698845
0.211,0.0011183,1.1774424051377415,0.0025472120464613487
0.211,0.0011394,1.2301526916298093,0.0012297512884793457
0.211,0.0011604999999999999,1.2516857182198855,-0.00008154391381524212
0.211,0.0011815999999999999,1.2147123434631282,-0.0013860592659587223
0.211,0.0012027,1.0702551910896134,-0.002683216956040277
0.211,0.0012238000000000001,0.6777598659479849,-0.0039724747635964605
0.211,0.0012449,"(ϕ /. {ϕ, 100000})/""""",-0.00525332512102087
0.211,0.001266,"(ϕ /. {ϕ, 100000})/""""",-0.00652529413514414
0.216,0.00108,0.9689562917508582,0.006529884509563981
0.216,0.0011016,1.0399138850644511,0.00519798988518385
0.216,0.0011232,1.110196454813835,0.0038701910115943594
0.216,0.0011448,1.1774418616090119,0.0025472163771116385
0.216,0.0011664,1.2301522303402372,0.001229755683251045
0.216,0.0011879999999999998,1.2516857869623186,-0.00008153945753793662
0.216,0.0012096,1.2147127488028164,-0.0013860547507693194
0.216,0.0012312,1.070256565919874,-0.0026832123844991868
0.216,0.0012528,0.6777650914118889,-0.003972470138230967
0.216,0.0012744,"(ϕ /. {ϕ, 100000})/""""",-0.005253320444315847
0.216,0.001296,"(ϕ /. {ϕ, 100000})/""""",-0.006525289409540648
0.221,0.001105,0.9689558044293122,0.006529888728561008
0.221,0.0011271,1.0399131068891707,0.0051979941779153535
0.221,0.0011492,1.1101958759928947,0.0038701953753517634
0.221,0.0011713000000000001,1.1774413190315114,0.002547220809187428
0.221,0.0011934,1.2301518563113516,0.0012297601809507647
0.221,0.0012155,1.2516855160010374,-0.00008153489689437937
0.221,0.0012376,1.2147131504039352,-0.0013860501298337755
0.221,0.0012597,1.070258135659527,-0.0026832077058922335
0.221,0.0012818,0.677770906385618,-0.00397246540454043
0.221,0.0013039,"(ϕ /. {ϕ, 100000})/""""",-0.005253315658082139
0.221,0.0013260000000000001,"(ϕ /. {ϕ, 100000})/""""",-0.00652528457326549
0.226,0.0011300000000000001,0.9689551274611121,0.006529893044103258
0.226,0.0011526000000000002,1.0399126221725756,0.005197998568881944
0.226,0.0011752,1.1101953071995463,0.003870199838969579
0.226,0.0011978,1.1774406288699821,0.002547225342686782
0.226,0.0012204000000000002,1.2301514958704236,0.0012297647815732934
0.226,0.001243,1.2516853760425406,-0.00008153023188499364
0.226,0.0012656,1.2147134730099982,-0.0013860454031503558
0.226,0.0012882,1.0702595513202773,-0.002683202920220007
0.226,0.0013108000000000002,0.677776614804095,-0.0039724605625211865
0.226,0.0013334,"(ϕ /. {ϕ, 100000})/""""",-0.005253310762320079
0.226,0.001356,"(ϕ /. {ϕ, 100000})/""""",-0.006525279626313024
0.231,0.001155,0.9689544072049286,0.006529897456193909
0.231,0.0011781,1.0399120316678425,0.005198003058084891
0.231,0.0012012,1.1101945759757497,0.0038702044024458357
0.231,0.0012243,1.1774402337370231,0.002547229977609519
0.231,0.0012474,1.2301509249689524,0.0012297694851235164
0.231,0.0012705,1.2516852547666373,-0.00008152546250869697
0.231,0.0012936,1.2147139449245548,-0.0013860405707232584
0.231,0.0013167,1.0702611673121343,-0.0026831980274818965
0.231,0.0013398000000000001,0.6777821797360706,-0.003972455612175921
0.231,0.0013629,"(ϕ /. {ϕ, 100000})/""""",-0.005253305757029869
0.231,0.001386,"(ϕ /. {ϕ, 100000})/""""",-0.00652527456868645
0.23600000000000002,0.00118,0.9689539911838241,0.0065299019648337175
0.23600000000000002,0.0012036000000000002,1.039911485077005,0.005198007645519927
0.23600000000000002,0.0012272000000000001,1.1101938715301167,0.003870209065783524
0.23600000000000002,0.0012508,1.1774395528002917,0.002547234713956563
0.23600000000000002,0.0012744000000000002,1.2301504027465504,0.0012297742915985538
0.23600000000000002,0.0012980000000000001,1.2516849762173823,-0.00008152058876665508
0.23600000000000002,0.0013216,1.2147144139322679,-0.0013860356325494302
0.23600000000000002,0.0013452000000000002,1.070262546405083,-0.0026831930276777147
0.23600000000000002,0.0013688,0.6777878364231023,-0.003972450553503336
0.23600000000000002,0.0013924,"(ϕ /. {ϕ, 100000})/""""",-0.005253300642208372
0.23600000000000002,0.0014160000000000002,"(ϕ /. {ϕ, 100000})/""""",-0.006525269400386988
0.241,0.001205,0.9689534060794639,0.006529906570019048
0.241,0.0012291000000000001,1.0399108122618967,0.005198012331191493
0.241,0.0012531999999999999,1.110193275114319,0.0038702138289819846
0.241,0.0012772999999999999,1.177438897147098,0.0025472395517278784
0.241,0.0013014,1.2301499400699012,0.0012297792009998976
0.241,0.0013254999999999999,1.2516846988587442,-0.00008151561065798674
0.241,0.0013495999999999998,1.2147147247250571,-0.0013860305886275875
0.241,0.0013737,1.0702642433975542,-0.0026831879208063236
0.241,0.0013978,0.6777939370336397,-0.003972445386504736
0.241,0.0014218999999999998,"(ϕ /. {ϕ, 100000})/""""",-0.005253295417857802
0.241,0.001446,"(ϕ /. {ϕ, 100000})/""""",-0.006525264121410822
0.246,0.00123,0.9689526049340612,0.006529911271752696
0.246,0.0012546,1.0399101968432853,0.00519801711509825
0.246,0.0012791999999999999,1.110192628628682,0.003870218692042224
0.246,0.0013038,1.1774383839056826,0.0025472444909241804
0.246,0.0013284,1.2301494590319058,0.0012297842133281445
0.246,0.0013529999999999998,1.2516847070864419,-0.00008151052818314297
0.246,0.0013775999999999999,1.2147152318880943,-0.0013860254389611026
0.246,0.0014022,1.0702657987818172,-0.002683182706868903
0.246,0.0014268,0.6777998361097056,-0.003972440111179101
0.246,0.0014514,"(ϕ /. {ϕ, 100000})/""""",-0.00525329008397743
0.246,0.001476,"(ϕ /. {ϕ, 100000})/""""",-0.006525258731757154
0.251,0.001255,0.9689521308447544,0.006529916070034628
0.251,0.0012801000000000002,1.0399095596876031,0.005198021997241974
0.251,0.0013051999999999998,1.1101919538511946,0.00387022365496216
0.251,0.0013303,1.177437691555315,0.002547249531543644
0.251,0.0013554,1.2301490389877323,0.001229789328581768
0.251,0.0013805,1.2516845100568512,-0.0000815053413396119
0.251,0.0014056,1.2147156415941838,-0.0013860201835454722
0.251,0.0014307,1.0702674893951711,-0.0026831773858637456
0.251,0.0014558000000000001,0.6778059316032718,-0.003972434727524551
0.251,0.0014809,"(ϕ /. {ϕ, 100000})/""""",-0.005253284640566819
0.251,0.001506,"(ϕ /. {ϕ, 100000})/""""",-0.00652525323143191
0.256,0.00128,0.9689514698374871,0.0065299209648646064
0.256,0.0013056,1.0399088393523612,0.005198026977618571
0.256,0.0013312,1.1101912634071116,0.003870228717743951
0.256,0.0013568,1.1774369921451473,0.002547254673587955
0.256,0.0013824000000000002,1.2301485595151256,0.0012297945467618573
0.256,0.001408,1.2516843664238078,-0.00008150005012948908
0.256,0.0014336,1.214716086754676,-0.0013860148223847
0.256,0.0014592000000000001,1.0702691046141912,-0.0026831719577925725
0.256,0.0014848,0.6778121593687917,-0.00397242923554339
0.256,0.0015104,"(ϕ /. {ϕ, 100000})/""""",-0.005253279087625358
0.256,0.001536,"(ϕ /. {ϕ, 100000})/""""",-0.006525247620429976
0.261,0.0013050000000000002,0.9689508274603855,0.006529925956242487
0.261,0.0013311000000000002,1.0399081585220205,0.005198032056232919
0.261,0.0013572,1.110190538129685,0.003870233880387333
0.261,0.0013833,1.1774362166197156,0.0025472599170574817
0.261,0.0014094,1.2301479784415859,0.0012297998678694189
0.261,0.0014355,1.2516842438499707,-0.00008149465455223326
0.261,0.0014616,1.2147166659242772,-0.0013860093554761699
0.261,0.0014877,1.0702708526099267,-0.0026831664226549604
0.261,0.0015138000000000003,0.677818799764954,-0.003972423635234368
0.261,0.0015399,"(ϕ /. {ϕ, 100000})/""""",-0.005253273425154359
0.261,0.0015660000000000001,"(ϕ /. {ϕ, 100000})/""""",-0.006525241898752254
0.266,0.00133,0.9689501459970647,0.006529931044168588
0.266,0.0013566000000000001,1.039907426487853,0.005198037233082646
0.266,0.0013832,1.110189797748039,0.0038702391428913907
0.266,0.0014098000000000001,1.1774357390919428,0.0025472652619521127
0.266,0.0014364000000000002,1.2301474297332737,0.001229805291904848
0.266,0.0014629999999999999,1.2516840600277266,-0.00008148915460789302
0.266,0.0014896,1.2147171284002913,-0.0013860037828210478
0.266,0.0015162,1.0702725058962845,-0.0026831607804495214
0.266,0.0015428000000000002,0.6778253920935534,-0.0039724179265955145
0.266,0.0015694,"(ϕ /. {ϕ, 100000})/""""",-0.0052532676531528155
0.266,0.0015960000000000002,"(ϕ /. {ϕ, 100000})/""""",-0.0065252360663980505
0.271,0.001355,0.9689493597180229,0.006529936228643292
0.271,0.0013821000000000003,1.0399068378805176,0.005198042508167834
0.271,0.0014092,1.1101890556271885,0.003870244505257407
0.271,0.0014363000000000002,1.1774349341341923,0.002547270708270828
0.271,0.0014634000000000001,1.2301468659590795,0.001229810818862552
0.271,0.0014905,1.2516837705233979,-0.0000814835502964198
0.271,0.0015176,1.2147175369253678,-0.0013859981044169467
0.271,0.0015447000000000002,1.0702742982202524,-0.002683155031175742
0.271,0.0015718000000000002,0.677832037444888,-0.003972412109631361
0.271,0.0015989,"(ϕ /. {ϕ, 100000})/""""",-0.005253261771621026
0.271,0.001626,"(ϕ /. {ϕ, 100000})/""""",-0.006525230123368968
0.276,0.0013800000000000002,0.9689487437104595,0.00652994150966716
0.276,0.0014076000000000002,1.0399059937351096,0.005198047881488664
0.276,0.0014352,1.1101882860802215,0.0038702499674839047
0.276,0.0014628000000000002,1.1774342331043908,0.002547276256016251
0.276,0.0014904000000000002,1.2301462876460667,0.0012298164487510518
0.276,0.001518,1.2516835984659411,-0.00008147784161715438
0.276,0.0015456,1.21471809742538,-0.0013859923202674818
0.276,0.0015732000000000003,1.0702761778676144,-0.0026831491748345246
0.276,0.0016008000000000003,0.677838691047433,-0.003972406184336405
0.276,0.0016284000000000001,"(ϕ /. {ϕ, 100000})/""""",-0.00525325578055727
0.276,0.0016560000000000001,"(ϕ /. {ϕ, 100000})/""""",-0.006525224069660551
0.281,0.0014050000000000002,0.9689480170425908,0.006529946887238701
0.281,0.0014331000000000003,1.0399051909899457,0.005198053353047023
0.281,0.0014612000000000002,1.11018771049713,0.0038702555295733257
0.281,0.0014893000000000003,1.1774333828311823,0.002547281905185564
0.281,0.0015174000000000001,1.2301457515613705,0.001229822181566087
0.281,0.0015455,1.2516834497896383,-0.00008147202856887553
0.281,0.0015736,1.2147186068726736,-0.0013859864303674765
0.281,0.0016017000000000002,1.07027792526478,-0.0026831432114275897
0.281,0.0016298000000000003,0.6778455613912464,-0.003972400150716489
0.281,0.0016579000000000001,"(ϕ /. {ϕ, 100000})/""""",-0.005253249679962692
0.281,0.0016860000000000002,"(ϕ /. {ϕ, 100000})/""""",-0.006525217905277471
0.28600000000000003,0.0014300000000000003,0.9689473588020137,0.006529952361359573
0.28600000000000003,0.0014586000000000002,1.0399044455593671,0.005198058922839768
0.28600000000000003,0.0014872000000000002,1.1101867775427972,0.003870261191522742
0.28600000000000003,0.0015158,1.1774328292192977,0.002547287655781841
0.28600000000000003,0.0015444000000000002,1.2301451842371767,0.0012298280173090662
0.28600000000000003,0.0015730000000000002,1.2516832446429385,-0.00008146611115395636
0.28600000000000003,0.0016016000000000001,1.2147191780368067,-0.0013859804347210736
0.28600000000000003,0.0016302000000000003,1.0702799074920888,-0.002683137140951558
0.28600000000000003,0.0016588000000000004,0.6778525886835824,-0.003972394008763112
0.28600000000000003,0.0016874000000000001,"(ϕ /. {ϕ, 100000})/""""",-0.005253243469837604
0.28600000000000003,0.0017160000000000003,"(ϕ /. {ϕ, 100000})/""""",-0.006525211630216826
0.291,0.001455,0.968946698540512,0.006529957932030553
0.291,0.0014841,1.0399035545990332,0.005198064590871368
0.291,0.0015132,1.1101859706164527,0.0038702669533364834
0.291,0.0015423,1.177432122426822,0.002547293507801786
0.291,0.0015714,1.2301446674105376,0.001229833955977637
0.291,0.0016004999999999997,1.2516830388104327,-0.00008146008937074539
0.291,0.0016296,1.2147196591512244,-0.0013859743333252614
0.291,0.0016587,1.0702818080173013,-0.0026831309634078038
0.291,0.0016878,0.6778595685054848,-0.00397238775848454
0.291,0.0017169,"(ϕ /. {ϕ, 100000})/""""",-0.00525323715017971
0.291,0.001746,"(ϕ /. {ϕ, 100000})/""""",-0.00652520524448174
0.296,0.00148,0.9689457363369447,0.0065299635992492125
0.296,0.0015096,1.0399027881856322,0.005198070357138818
0.296,0.0015392,1.1101852543350825,0.003870272815010456
0.296,0.0015688,1.1774312613120892,0.002547299461247869
0.296,0.0015984,1.2301440552899954,0.0012298399975761293
0.296,0.0016279999999999999,1.2516828442697656,-0.00008145396321818099
0.296,0.0016576,1.2147200807959484,-0.0013859681261828016
0.296,0.0016872,1.0702837503844222,-0.002683124678795737
0.296,0.0017168,0.6778671390705672,-0.0039723813998755395
0.296,0.0017464,"(ϕ /. {ϕ, 100000})/""""",-0.005253230720991202
0.296,0.001776,"(ϕ /. {ϕ, 100000})/""""",-0.006525198748067486
0.301,0.001505,0.968945144492198,0.006529969363017814
0.301,0.0015351,1.039901760904098,0.005198076221642117
0.301,0.0015651999999999999,1.1101843879897815,0.00387027877654747
0.301,0.0015953,1.1774305710090445,0.0025473055161215757
0.301,0.0016254,1.2301435051957537,0.0012298461421003173
0.301,0.0016554999999999999,1.2516825794976683,-0.00008144773269908728
0.301,0.0016856,1.2147208079213614,-0.0013859618132920151
0.301,0.0017157,1.070285722689245,-0.00268311828711449
0.301,0.0017458,0.6778744951791396,-0.003972374932936361
0.301,0.0017759,"(ϕ /. {ϕ, 100000})/""""",-0.005253224182271109
0.301,0.0018059999999999999,"(ϕ /. {ϕ, 100000})/""""",-0.0065251921409765
0.306,0.0015300000000000001,0.9689444296396142,0.006529975223333741
0.306,0.0015606,1.0399011713787374,0.005198082184382266
0.306,0.0015911999999999999,1.1101834376566695,0.0038702848379469357
0.306,0.0016218,1.1774297818621746,0.0025473116724190267
0.306,0.0016524,1.230142837038371,0.0012298523895543437
0.306,0.0016829999999999998,1.2516824205822625,-0.00008144139780964788
0.306,0.0017136,1.214721326762916,-0.0013859553946526937
0.306,0.0017442,1.0702876362009495,-0.0026831117883642785
0.306,0.0017748000000000002,0.6778819200638512,-0.0039723683576694604
0.306,0.0018054,"(ϕ /. {ϕ, 100000})/""""",-0.005253217534018195
0.306,0.001836,"(ϕ /. {ϕ, 100000})/""""",-0.006525185423208034
0.311,0.001555,0.9689435184879205,0.006529981180202184
0.311,0.0015861,1.0399003660112045,0.0051980882453610405
0.311,0.0016171999999999998,1.1101827587373632,0.003870290999210213
0.311,0.0016483,1.1774288081248736,0.0025473179301440246
0.311,0.0016794000000000002,1.230142198277868,0.0012298587399358005
0.311,0.0017105,1.2516822237385068,-0.00008143495855200689
0.311,0.0017416,1.2147217985945835,-0.0013859488702641365
0.311,0.0017727,1.070289776587996,-0.002683105182548072
0.311,0.0018038000000000002,0.6778896602513095,-0.0039723616740726594
0.311,0.0018349,"(ϕ /. {ϕ, 100000})/""""",-0.005253210776233357
0.311,0.001866,"(ϕ /. {ϕ, 100000})/""""",-0.006525178594761295
0.316,0.00158,0.9689427036783547,0.006529987233616946
0.316,0.0016116000000000001,1.0398994788073057,0.005198094404575443
0.316,0.0016432,1.1101818572823698,0.0038702972603345126
0.316,0.0016748,1.17742813970681,0.0025473242892960005
0.316,0.0017064,1.2301415394271336,0.0012298651932453677
0.316,0.001738,1.2516820149803465,-0.00008142841492621289
0.316,0.0017696,1.214722498877427,-0.001385942240125615
0.316,0.0018012,1.0702918855332917,-0.0026830984696605623
0.316,0.0018328,0.6778976748960164,-0.00397235488214534
0.316,0.0018644,"(ϕ /. {ϕ, 100000})/""""",-0.005253203908917148
0.316,0.0018960000000000001,"(ϕ /. {ϕ, 100000})/""""",-0.006525171655639171
0.321,0.001605,0.9689418787343729,0.006529993383582754
0.321,0.0016371,1.0398986797264,0.005198100662026521
0.321,0.0016692,1.1101809242368053,0.0038703036213210903
0.321,0.0017013,1.1774273159764401,0.0025473307498732473
0.321,0.0017334000000000002,1.230140949606694,0.0012298717494833855
0.321,0.0017655,1.251681803389684,-0.00008142176693099606
0.321,0.0017976000000000001,1.2147230681737482,-0.0013859355042404528
0.321,0.0018297,1.070294082299257,-0.0026830916497051077
0.321,0.0018618000000000003,0.6779053809466056,-0.003972347981889078
0.321,0.0018939,"(ϕ /. {ϕ, 100000})/""""",-0.005253196932067106
0.321,0.001926,"(ϕ /. {ϕ, 100000})/""""",-0.006525164605834216
0.326,0.0016300000000000002,0.9689410966748578,0.006529999630100716
0.326,0.0016626000000000002,1.0398978051450072,0.00519810701771601
0.326,0.0016952,1.110180013337433,0.0038703100821710357
0.326,0.0017278,1.1774265168635443,0.002547337311876334
0.326,0.0017604,1.230140336919278,0.0012298784086488615
0.326,0.0017929999999999999,1.251681546530209,-0.00008141501456586375
0.326,0.0018256000000000001,1.2147236332716653,-0.0013859286626027867
0.326,0.0018582000000000002,1.0702960966561028,-0.002683084722680272
0.326,0.0018908000000000002,0.6779134404743569,-0.003972340973302506
0.326,0.0019234,"(ϕ /. {ϕ, 100000})/""""",-0.005253189845685277
0.326,0.0019560000000000003,"(ϕ /. {ϕ, 100000})/""""",-0.006525157445356353
0.331,0.0016550000000000002,0.9689402993810833,0.006530005973165054
0.331,0.0016881,1.0398968365678436,0.005198113471643381
0.331,0.0017212,1.1101791569449966,0.0038703166428840988
0.331,0.0017543,1.177425619692556,0.002547343975307405
0.331,0.0017874000000000002,1.2301397566186167,0.0012298851707443145
0.331,0.0018205,1.251681305438776,-0.00008140815783123229
0.331,0.0018536000000000002,1.2147242220960335,-0.0013859217152187298
0.331,0.0018867000000000003,1.070298224783851,-0.0026830776885855834
0.331,0.0019198000000000002,0.6779213820525546,-0.003972333856386463
0.331,0.0019529,"(ϕ /. {ϕ, 100000})/""""",-0.005253182649770052
0.331,0.0019860000000000004,"(ϕ /. {ϕ, 100000})/""""",-0.006525150174198149
0.336,0.00168,0.9689394480913962,0.00653001241277916
0.336,0.0017136000000000002,1.0398960234734718,0.005198120023806971
0.336,0.0017472,1.1101782034612153,0.003870323303460897
0.336,0.0017808000000000001,1.1774247900704533,0.0025473507401638923
0.336,0.0018144000000000003,1.2301390764548104,0.0012298920357687662
0.336,0.001848,1.2516810820064552,-0.00008140119672653268
0.336,0.0018816000000000002,1.2147248166726519,-0.001385914662084889
0.336,0.0019152000000000001,1.0703005386200732,-0.0026830705474225475
0.336,0.0019488000000000003,0.6779302053714955,-0.00397232663113932
0.336,0.0019824,"(ϕ /. {ϕ, 100000})/""""",-0.0052531753443226525
0.336,0.002016,"(ϕ /. {ϕ, 100000})/""""",-0.006525142792362881
0.341,0.0017050000000000001,0.9689385528918972,0.006530018948946753
0.341,0.0017391000000000002,1.0398950874540531,0.005198126674209054
0.341,0.0017732,1.1101771815365207,0.0038703300638999183
0.341,0.0018073000000000002,1.177423855552614,0.0025473576064485998
0.341,0.0018414000000000002,1.2301383625654752,0.001229899003721023
0.341,0.0018755,1.251680773562964,-0.00008139413125542866
0.341,0.0019096000000000002,1.2147254248151729,-0.0013859075032014584
0.341,0.0019437000000000002,1.0703027362403785,-0.0026830632991891867
0.341,0.0019778000000000005,0.6779384212263833,-0.003972319297561415
0.341,0.0020119,"(ϕ /. {ϕ, 100000})/""""",-0.005253167929341593
0.341,0.002046,"(ϕ /. {ϕ, 100000})/""""",-0.006525135299846031
0.34600000000000003,0.0017300000000000002,0.9689375544257051,0.00653002558166281
0.34600000000000003,0.0017646000000000003,1.0398941642765964,0.0051981334228488885
0.34600000000000003,0.0017992000000000001,1.1101762135385904,0.003870336924204562
0.34600000000000003,0.0018338000000000002,1.1774229731048274,0.002547364574159869
0.34600000000000003,0.0018684000000000003,1.2301377336721397,0.0012299060746028545
0.34600000000000003,0.001903,1.2516805397008626,-0.00008138696141199442
0.34600000000000003,0.0019376,1.2147260511734923,-0.0013859002385661276
0.34600000000000003,0.0019722000000000003,1.070305010591977,-0.0026830559438848836
0.34600000000000003,0.0020068000000000004,0.6779464086846335,-0.003972311855652728
0.34600000000000003,0.0020414,"(ϕ /. {ϕ, 100000})/""""",-0.0052531604048283165
0.34600000000000003,0.002076,"(ϕ /. {ϕ, 100000})/""""",-0.006525127696652186
0.35100000000000003,0.0017550000000000003,0.9689367090793494,0.006530032310928663
0.35100000000000003,0.0017901000000000002,1.0398932753415606,0.005198140269727154
0.35100000000000003,0.0018252000000000001,1.110175368009629,0.003870343884369576
0.35100000000000003,0.0018603000000000003,1.1774221820101072,0.0025473716432988305
0.35100000000000003,0.0018954000000000002,1.230136921850651,0.0012299132484130323
0.35100000000000003,0.0019305000000000001,1.2516803397353586,-0.00008137968720009492
0.35100000000000003,0.0019656,1.2147266381970692,-0.001385892868183046
0.35100000000000003,0.0020007000000000002,1.070307340563216,-0.00268304848151283
0.35100000000000003,0.0020358000000000004,0.6779553010400221,-0.003972304305414724
0.35100000000000003,0.0020709,"(ϕ /. {ϕ, 100000})/""""",-0.005253152770779812
0.35100000000000003,0.0021060000000000002,"(ϕ /. {ϕ, 100000})/""""",-0.006525119982779402
0.356,0.00178,0.9689358175410216,0.006530039136745373
0.356,0.0018156000000000001,1.0398923011885863,0.005198147214842581
0.356,0.0018512,1.1101743352740516,0.0038703509444015793
0.356,0.0018868,1.177421280934208,0.002547378813863771
0.356,0.0019224,1.23013627325078,0.0012299205251525558
0.356,0.0019579999999999997,1.2516801000703188,-0.00008137230861759298
0.356,0.0019936,1.2147273952987678,-0.0013858853920493547
0.356,0.0020292,1.070309682603605,-0.0026830409120689805
0.356,0.0020648,0.6779639942079825,-0.0039722966468439536
0.356,0.0021003999999999997,"(ϕ /. {ϕ, 100000})/""""",-0.005253145027198217
0.356,0.002136,"(ϕ /. {ϕ, 100000})/""""",-0.006525112158226938
0.361,0.001805,0.968934829741375,0.006530046059113809
0.361,0.0018411,1.0398913480819632,0.005198154258197599
0.361,0.0018771999999999999,1.1101734660360318,0.0038703581042954446
0.361,0.0019133,1.17742029285206,0.002547386085858014
0.361,0.0019494,1.2301354997705825,0.0012299279048224032
0.361,0.0019855,1.2516799110841987,-0.00008136482566313552
0.361,0.0020215999999999997,1.2147280664133753,-0.001385877810164568
0.361,0.0020577,1.0703119834203896,-0.0026830332355548756
0.361,0.0020938000000000003,0.6779728749576256,-0.003972288879943407
0.361,0.0021298999999999997,"(ϕ /. {ϕ, 100000})/""""",-0.005253137174083551
0.361,0.002166,"(ϕ /. {ϕ, 100000})/""""",-0.006525104222994689
0.366,0.00183,0.9689340238824992,0.0065300530780306315
0.366,0.0018666000000000002,1.039890414959308,0.005198161399789493
0.366,0.0019031999999999999,1.1101724891230964,0.0038703653640538016
0.366,0.0019398,1.1774192576352847,0.002547393459278645
0.366,0.0019764,1.2301347505534748,0.0012299353874218946
0.366,0.002013,1.2516796750857213,-0.000081357238340872
0.366,0.0020496,1.2147286707671243,-0.0013858701225299142
0.366,0.0020862,1.0703144340032686,-0.0026830254519711605
0.366,0.0021228,0.6779821552194297,-0.003972281004710816
0.366,0.0021593999999999997,"(ϕ /. {ϕ, 100000})/""""",-0.005253129211433026
0.366,0.002196,"(ϕ /. {ϕ, 100000})/""""",-0.006525096177084001
0.371,0.001855,0.9689330823047644,0.006530060193499651
0.371,0.0018921,1.0398893377402998,0.005198168639620561
0.371,0.0019291999999999998,1.11017138803815,0.003870372723675748
0.371,0.0019663,1.1774184122831162,0.0025474009341279052
0.371,0.0020034000000000002,1.2301341291241168,0.0012299429729509953
0.371,0.0020404999999999998,1.25167946219702,-0.00008134954664641009
0.371,0.0020775999999999998,1.2147293105810766,-0.0013858623291446368
0.371,0.0021147,1.0703168702934092,-0.0026830175613172594
0.371,0.0021518,0.6779911643214346,-0.003972273021146985
0.371,0.0021889,"(ϕ /. {ϕ, 100000})/""""",-0.005253121139250243
0.371,0.002226,"(ϕ /. {ϕ, 100000})/""""",-0.006525088020494708
0.376,0.00188,0.9689321755992871,0.006530067405519764
0.376,0.0019176000000000002,1.0398882571174906,0.005198175977690442
0.376,0.0019552,1.1101703103928258,0.003870380183163033
0.376,0.0019928,1.1774175316881983,0.002547408510402714
0.376,0.0020304,1.2301333795297638,0.001229950661410302
0.376,0.002068,1.251679155924393,-0.00008134175058201187
0.376,0.0021056,1.2147300238306553,-0.0013858544300097142
0.376,0.0021432,1.0703195707372841,-0.002683009563591382
0.376,0.0021808,0.6780003009195138,-0.003972264929251498
0.376,0.0022184,"(ϕ /. {ϕ, 100000})/""""",-0.005253112957531607
0.376,0.002256,"(ϕ /. {ϕ, 100000})/""""",-0.0065250797532212385
0.381,0.001905,0.9689311539864874,0.006530074714090804
0.381,0.0019431000000000001,1.0398874369808806,0.005198183413999281
0.381,0.0019812,1.1101693048542007,0.0038703877425139907
0.381,0.0020193,1.1774164661531705,0.002547416188108914
0.381,0.0020574,1.2301325439095543,0.0012299584527991694
0.381,0.0020954999999999997,1.251678883535602,-0.00008133385014656713
0.381,0.0021336,1.214730761324667,-0.0013858464251220726
0.381,0.0021717,1.0703218782501582,-0.002683001458795735
0.381,0.0022098,0.6780097116810739,-0.0039722567290244246
0.381,0.0022479,"(ϕ /. {ϕ, 100000})/""""",-0.0052531046662795955
0.381,0.0022860000000000003,"(ϕ /. {ϕ, 100000})/""""",-0.00652507137527094
0.386,0.00193,0.9689302207960221,0.006530082119211869
0.386,0.0019686,1.039886284758779,0.005198190948546601
0.386,0.0020071999999999998,1.1101682493451963,0.003870395401727983
0.386,0.0020458,1.1774154176483127,0.002547423967240607
0.386,0.0020844,1.2301317814467871,0.0012299663471179584
0.386,0.002123,1.2516786480822168,-0.00008132584533991627
0.386,0.0021616,1.2147314516596528,-0.0013858383144846817
0.386,0.0022002000000000002,1.0703244166387942,-0.0026829932469287845
0.386,0.0022388000000000004,0.6780192870402114,-0.003972248420464494
0.386,0.0022774,"(ϕ /. {ϕ, 100000})/""""",-0.005253096265491891
0.386,0.002316,"(ϕ /. {ϕ, 100000})/""""",-0.006525062886639843
0.391,0.001955,0.968929218334801,0.006530089620885901
0.391,0.0019941000000000004,1.0398849751774986,0.005198198581332136
0.391,0.0020331999999999998,1.1101671597057217,0.0038704031608067235
0.391,0.0020723,1.177414411603713,0.0025474318478015748
0.391,0.0021114000000000003,1.2301310376838404,0.0012299743443683966
0.391,0.0021505,1.2516782860979496,-0.00008131773616260746
0.391,0.0021896,1.214732120379741,-0.0013858300980977498
0.391,0.0022287,1.0703270266751899,-0.002682984927990663
0.391,0.0022678000000000004,0.6780290217922819,-0.003972240003573019
0.391,0.0023069,"(ϕ /. {ϕ, 100000})/""""",-0.005253087755172477
0.391,0.002346,"(ϕ /. {ϕ, 100000})/""""",-0.006525054287329857
0.396,0.00198,0.9689280643041704,0.006530097219111276
0.396,0.0020196000000000003,1.0398841540695312,0.005198206312356506
0.396,0.0020592,1.1101661237747242,0.0038704110197539596
0.396,0.0020988,1.1774134250478987,0.0025474398297910886
0.396,0.0021384000000000004,1.2301302904020843,0.0012299824445491866
0.396,0.002178,1.251678082534873,-0.00008130952261418967
0.396,0.0022176,1.2147329217185392,-0.001385821775956822
0.396,0.0022572,1.0703294471743932,-0.0026829765019801416
0.396,0.0022968000000000003,0.6780388378791857,-0.003972231478348506
0.396,0.0023364,"(ϕ /. {ϕ, 100000})/""""",-0.005253079135316009
0.396,0.002376,"(ϕ /. {ϕ, 100000})/""""",-0.006525045577336248
0.401,0.0020050000000000003,0.9689270832455396,0.00653010491388753
0.401,0.0020451,1.0398830735923374,0.005198214141621138
0.401,0.0020852,1.1101650176409685,0.0038704189785627383
0.401,0.0021253,1.1774123019199705,0.00254744791321046
0.401,0.0021654,1.2301294330886854,0.0012299906476573308
0.401,0.0022055,1.2516776939044811,-0.00008130120469367064
0.401,0.0022456,1.2147335201217904,-0.001385813348066596
0.401,0.0022857000000000003,1.070332095035962,-0.0026829679688996633
0.401,0.0023258000000000003,0.678048593132918,-0.003972222844793552
0.401,0.0023659,"(ϕ /. {ϕ, 100000})/""""",-0.0052530704059246675
0.401,0.002406,"(ϕ /. {ϕ, 100000})/""""",-0.006525036756664153
0.406,0.00203,0.9689261023521029,0.006530112705214766
0.406,0.0020706,1.0398819364449152,0.005198222069125014
0.406,0.0021112,1.1101639151117564,0.0038704270372364527
0.406,0.0021518,1.1774113679336498,0.002547456098057607
0.406,0.0021924,1.2301286050625044,0.0012299989537005104
0.406,0.002233,1.2516775522033163,-0.00008129278240342347
0.406,0.0022736,1.2147343453669608,-0.001385804814422735
0.406,0.0023142,1.070334900756157,-0.0026829593287449258
0.406,0.0023548,0.6780589331875654,-0.00397221410290409
0.406,0.0023954000000000002,"(ϕ /. {ϕ, 100000})/""""",-0.0052530615669958425
0.406,0.0024360000000000002,"(ϕ /. {ϕ, 100000})/""""",-0.006525027825311169
0.41100000000000003,0.0020550000000000004,0.9689249977801688,0.006530120593096066
0.41100000000000003,0.0020961000000000005,1.0398807978533438,0.005198230094868722
0.41100000000000003,0.0021372,1.1101628018508058,0.0038704351957775177
0.41100000000000003,0.0021783,1.1774104038101387,0.002547464384333127
0.41100000000000003,0.0022194000000000003,1.2301279191305654,0.0012300073626722169
0.41100000000000003,0.0022605,1.2516771389288321,-0.000081284255739493
0.41100000000000003,0.0023016,1.2147351115873204,-0.0013857961750270362
0.41100000000000003,0.0023427,1.0703375257253342,-0.0026829505815204047
0.41100000000000003,0.0023838000000000006,0.6780686497787306,-0.003972205252682749
0.41100000000000003,0.0024249000000000002,"(ϕ /. {ϕ, 100000})/""""",-0.00525305261853215
0.41100000000000003,0.0024660000000000003,"(ϕ /. {ϕ, 100000})/""""",-0.006525018783274279
0.41600000000000004,0.0020800000000000003,0.9689240437320611,0.0065301285775273415
0.41600000000000004,0.0021216000000000004,1.039879615629949,0.005198238218851299
0.41600000000000004,0.0021632,1.1101614928812735,0.003870443454182755
0.41600000000000004,0.0022048000000000002,1.1774092516919636,0.0025474727720363535
0.41600000000000004,0.0022464000000000004,1.23012701017452,0.0012300158745755796
0.41600000000000004,0.002288,1.251676987070664,-0.00008127562470620908
0.41600000000000004,0.0023296000000000002,1.214735839365747,-0.0013857874298823444
0.41600000000000004,0.0023712000000000004,1.0703402579175298,-0.002682941727224171
0.41600000000000004,0.0024128000000000005,0.6780789936715086,-0.00397219629412892
0.41600000000000004,0.0024544000000000002,"(ϕ /. {ϕ, 100000})/""""",-0.005253043560534444
0.41600000000000004,0.0024960000000000004,"(ϕ /. {ϕ, 100000})/""""",-0.006525009630558333
0.421,0.002105,0.9689228516905222,0.006530136658511196
0.421,0.0021471,1.0398784660967364,0.005198246441073924
0.421,0.0021891999999999997,1.110160424112714,0.0038704518124530393
0.421,0.0022313,1.1774082277587794,0.002547481261171082
0.421,0.0022734,1.2301261471462157,0.0012300244894084336
0.421,0.0023155,1.2516766420909669,-0.0000812668892982843
0.421,0.0023576,1.21473658128119,-0.0013857785789833377
0.421,0.0023997,1.0703430562898797,-0.0026829327658560304
0.421,0.0024418,0.6780893516256548,-0.003972187227241637
0.421,0.0024839,"(ϕ /. {ϕ, 100000})/""""",-0.005253034393000067
0.421,0.002526,"(ϕ /. {ϕ, 100000})/""""",-0.00652500036716043
0.426,0.00213,0.9689218578895278,0.006530144836047684
0.426,0.0021726000000000002,1.0398773055751231,0.0051982547615344946
0.426,0.0022151999999999996,1.1101592311160382,0.00387046027058717
0.426,0.0022578,1.1774070259133398,0.0025474898517338015
0.426,0.0023004,1.2301252952956714,0.001230033207174297
0.426,0.0023429999999999996,1.251676333108476,-0.00008125804951941012
0.426,0.0023856,1.2147372992505776,-0.0013857696223321322
0.426,0.0024282,1.0703459303427192,-0.002682923697415268
0.426,0.0024708,0.6781000993186523,-0.003972178052020325
0.426,0.0025134,"(ϕ /. {ϕ, 100000})/""""",-0.005253025115930454
0.426,0.002556,"(ϕ /. {ϕ, 100000})/""""",-0.006524990993081903
0.431,0.0021550000000000002,0.9689207357093887,0.00653015311013555
0.431,0.0021981,1.039876392457845,0.005198263180237882
0.431,0.0022412,1.110158138036551,0.0038704688285891714
0.431,0.0022843,1.177405929624705,0.002547498543725997
0.431,0.0023274000000000003,1.230124433774166,0.0012300420278714488
0.431,0.0023704999999999998,1.2516760682266816,-0.00008124910536890656
0.431,0.0024136,1.2147381532953527,-0.0013857605599288877
0.431,0.0024567,1.0703486421984103,-0.002682914521899289
0.431,0.0024998000000000004,0.6781104980908861,-0.003972168768465095
0.431,0.0025429,"(ϕ /. {ϕ, 100000})/""""",-0.005253015729324524
0.431,0.002586,"(ϕ /. {ϕ, 100000})/""""",-0.006524981508320975
0.436,0.00218,0.9689196915113465,0.006530161480775697
0.436,0.0022236,1.039875074234204,0.005198271697181046
0.436,0.0022672,1.110156897961403,0.003870477486455838
0.436,0.0023108,1.1774047665031875,0.0025475073371490978
0.436,0.0023544,1.2301235806891389,0.0012300509515013672
0.436,0.002398,1.2516757087314054,-0.0000812400568444352
0.436,0.0024416,1.2147389607939527,-0.0013857513917722997
0.436,0.0024852,1.0703516123271686,-0.002682905239315754
0.436,0.0025288000000000003,0.6781215037466778,-0.003972159376578056
0.436,0.0025724,"(ϕ /. {ϕ, 100000})/""""",-0.005253006233182082
0.436,0.002616,"(ϕ /. {ϕ, 100000})/""""",-0.006524971912877604
0.441,0.002205,0.9689186455145686,0.006530169947969448
0.441,0.0022491,1.0398738421726328,0.005198280312363315
0.441,0.0022932,1.1101556266777557,0.003870486244190216
0.441,0.0023373,1.1774037274269105,0.0025475162319997524
0.441,0.0023814,1.230122691026261,0.0012300599780603744
0.441,0.0024254999999999997,1.2516754284845262,-0.00008123090395043692
0.441,0.0024696,1.21473983398495,-0.0013857421178636933
0.441,0.0025137000000000002,1.0703544886608656,-0.0026828958496566135
0.441,0.0025578000000000003,0.6781321219136089,-0.00397214987635601
0.441,0.0026019,"(ϕ /. {ϕ, 100000})/""""",-0.0052529966275024
0.441,0.002646,"(ϕ /. {ϕ, 100000})/""""",-0.006524962206752062
0.446,0.00223,0.9689172471713746,0.0065301785117163474
0.446,0.0022746000000000003,1.0398728014855263,0.005198289025785105
0.446,0.0023192,1.1101545928575502,0.0038704951017876563
0.446,0.0023638,1.177402480249757,0.0025475252282824573
0.446,0.0024084,1.2301218268263405,0.0012300691075542783
0.446,0.002453,1.2516750968365777,-0.00008122164668001447
0.446,0.0024976,1.2147405750918832,-0.0013857327382035406
0.446,0.0025422,1.0703573456643818,-0.002682886352923665
0.446,0.0025868,0.678143299051276,-0.003972140267802814
0.446,0.0026314,"(ϕ /. {ϕ, 100000})/""""",-0.005252986912287788
0.446,0.002676,"(ϕ /. {ϕ, 100000})/""""",-0.006524952389946444
0.451,0.002255,0.9689162738880623,0.006530187172014153
0.451,0.0023001000000000002,1.039871543900176,0.005198297837450121
0.451,0.0023452,1.110153302798208,0.0038705040592538417
0.451,0.0023903,1.1774013861583015,0.0025475343259923414
0.451,0.0024354000000000003,1.2301209034174152,0.0012300783399774376
0.451,0.0024805,1.2516747354445164,-0.000081212285038261
0.451,0.0025256000000000002,1.214741356780835,-0.0013857232527899471
0.451,0.0025707,1.0703603967200361,-0.002682876749119642
0.451,0.0026158,0.6781542230130658,-0.003972130550912091
0.451,0.0026609,"(ϕ /. {ϕ, 100000})/""""",-0.005252977087533223
0.451,0.002706,"(ϕ /. {ϕ, 100000})/""""",-0.006524942462456267
0.456,0.0022800000000000003,0.9689151979938225,0.006530195928864446
0.456,0.0023256,1.0398703625610788,0.005198306747355871
0.456,0.0023712,1.1101517956033533,0.003870513116585199
0.456,0.0024168,1.1774002143647448,0.002547543525135358
0.456,0.0024624,1.230120017517788,0.0012300876753334675
0.456,0.002508,1.2516744393979193,-0.00008120281902436466
0.456,0.0025536,1.2147422308078042,-0.0013857136616224341
0.456,0.0025992000000000003,1.0703633846175102,-0.002682867038241381
0.456,0.0026448,0.6781655067953981,-0.003972120725688935
0.456,0.0026904,"(ϕ /. {ϕ, 100000})/""""",-0.0052529671532447406
0.456,0.002736,"(ϕ /. {ϕ, 100000})/""""",-0.006524932424283245
0.461,0.002305,0.9689139063780327,0.006530204782271565
0.461,0.0023511,1.039869123469897,0.005198315755498763
0.461,0.0023972,1.1101508455105824,0.003870522273784205
0.461,0.0024433000000000002,1.1773989037689383,0.002547552825706019
0.461,0.0024894,1.230119172316324,0.0012300971136228744
0.461,0.0025355,1.2516741556177706,-0.00008119324863661848
0.461,0.0025816000000000003,1.2147431062935579,-0.0013857039647027503
0.461,0.0026277,1.0703663875932459,-0.002682857220288812
0.461,0.0026738000000000005,0.6781768278103423,-0.003972110792131833
0.461,0.0027199,"(ϕ /. {ϕ, 100000})/""""",-0.005252957109417547
0.461,0.0027660000000000002,"(ϕ /. {ϕ, 100000})/""""",-0.006524922275429064
0.466,0.00233,0.9689125881677394,0.006530213732228167
0.466,0.0023766000000000004,1.039867846723366,0.005198324861883916
0.466,0.0024232,1.1101494271188677,0.0038705315308484034
0.466,0.0024698000000000003,1.177397840280243,0.0025475622277084387
0.466,0.0025164000000000002,1.2301181398475776,0.0012301066548442083
0.466,0.002563,1.2516739415739122,-0.00008118357387514041
0.466,0.0026096,1.2147439170109022,-0.001385694162029688
0.466,0.0026562,1.0703694343606849,-0.002682847295264322
0.466,0.0027028000000000004,0.6781884136804798,-0.003972100750239606
0.466,0.0027494,"(ϕ /. {ϕ, 100000})/""""",-0.005252946956053564
0.466,0.0027960000000000003,"(ϕ /. {ϕ, 100000})/""""",-0.006524912015891185
0.47100000000000003,0.0023550000000000003,0.9689115479889435,0.006530222778738881
0.47100000000000003,0.0024021000000000003,1.039866589375262,0.005198334066510296
0.47100000000000003,0.0024492,1.110148127541173,0.0038705408877799177
0.47100000000000003,0.0024963000000000003,1.1773965736248917,0.0025475717311396126
0.47100000000000003,0.0025434000000000003,1.2301172398980085,0.0012301162989972053
0.47100000000000003,0.0025905,1.2516735134488253,-0.00008117379474119335
0.47100000000000003,0.0026376,1.2147448062715112,-0.0013856842536020125
0.47100000000000003,0.0026847000000000004,1.0703725472189694,-0.0026828372631650735
0.47100000000000003,0.0027318000000000004,0.6781999841374065,-0.003972090600011684
0.47100000000000003,0.0027789,"(ϕ /. {ϕ, 100000})/""""",-0.005252936693151827
0.47100000000000003,0.0028260000000000004,"(ϕ /. {ϕ, 100000})/""""",-0.006524901645669927
0.47600000000000003,0.00238,0.9689104252341663,0.006530231921803263
0.47600000000000003,0.0024276000000000002,1.0398653524782793,0.005198343369378466
0.47600000000000003,0.0024752,1.110146800552822,0.003870550344577034
0.47600000000000003,0.0025228000000000004,1.1773954051439113,0.002547581336003489
0.47600000000000003,0.0025704000000000005,1.230116259924778,0.0012301260460849187
0.47600000000000003,0.002618,1.2516731989707266,-0.0000811639112322654
0.47600000000000003,0.0026656,1.214745624910048,-0.0013856742394215624
0.47600000000000003,0.0027132000000000002,1.0703757020468827,-0.002682827123992336
0.47600000000000003,0.0027608000000000003,0.6782116628586118,-0.003972080341448865
0.47600000000000003,0.0028084,"(ϕ /. {ϕ, 100000})/""""",-0.005252926320712323
0.47600000000000003,0.0028560000000000005,"(ϕ /. {ϕ, 100000})/""""",-0.0065248911647654145
0.481,0.002405,0.9689091361632355,0.006530241161421903
0.481,0.0024531,1.039864044922726,0.005198352770486581
0.481,0.0025012,1.1101454702892182,0.003870559901242049
0.481,0.0025493,1.1773941685492275,0.0025475910422974105
0.481,0.0025974,1.2301152868464456,0.0012301358961027409
0.481,0.0026455,1.2516729033716403,-0.00008115392335186766
0.481,0.0026936,1.2147465270897615,-0.001385664119486471
0.481,0.0027417,1.070378946939311,-0.0026828168777461928
0.481,0.0027898000000000003,0.6782234593657395,-0.003972069974552947
0.481,0.0028379,"(ϕ /. {ϕ, 100000})/""""",-0.005252915838735293
0.481,0.002886,"(ϕ /. {ϕ, 100000})/""""",-0.006524880573178404
0.486,0.00243,0.9689078994326279,0.006530250497591386
0.486,0.0024786,1.0398626433539704,0.005198362269837858
0.486,0.0025272,1.1101442506124504,0.0038705695577739563
0.486,0.0025758,1.1773928684732953,0.0025476008500205163
0.486,0.0026244000000000003,1.230114468551574,0.001230145849055203
0.486,0.0026729999999999996,1.2516725750878908,-0.00008114383109720374
0.486,0.0027216,1.214747404630092,-0.0013856538937987717
0.486,0.0027702,1.0703820130960615,-0.0026828065244261026
0.486,0.0028188,0.6782359296680394,-0.00397205949932021
0.486,0.0028674,"(ϕ /. {ϕ, 100000})/""""",-0.005252905247221995
0.486,0.002916,"(ϕ /. {ϕ, 100000})/""""",-0.006524869870906655
0.491,0.002455,0.9689065994042385,0.006530259930317611
0.491,0.0025041,1.0398613393339053,0.005198371867428719
0.491,0.0025532,1.1101428305029928,0.003870579314171896
0.491,0.0026023,1.1773916702434712,0.0025476107591750757
0.491,0.0026514,1.2301133074664958,0.0012301559049406746
0.491,0.0027004999999999998,1.2516721956260557,-0.00008113363446821814
0.491,0.0027496,1.2147482900436326,-0.0013856435623561952
0.491,0.0027987,1.0703852743237001,-0.0026827960640314757
0.491,0.0028478,0.6782476265132122,-0.0039720489157529446
0.491,0.0028969,"(ϕ /. {ϕ, 100000})/""""",-0.005252894546167994
0.491,0.002946,"(ϕ /. {ϕ, 100000})/""""",-0.006524859057951284
0.496,0.00248,0.9689053361081095,0.006530269459596033
0.496,0.0025296000000000003,1.0398600283884323,0.005198381563260926
0.496,0.0025792,1.1101414663241487,0.003870589170440017
0.496,0.0026288,1.1773904213727515,0.002547620769763316
0.496,0.0026784,1.230112427391037,0.0012301660637588571
0.496,0.002728,1.2516718500540187,-0.00008112333346457085
0.496,0.0027776,1.21474910719336,-0.0013856331251572776
0.496,0.0028272,1.0703887531956742,-0.0026827854965618195
0.496,0.0028768,0.6782599081378472,-0.003972038223850345
0.496,0.0029264,"(ϕ /. {ϕ, 100000})/""""",-0.005252883735577987
0.496,0.002976,"(ϕ /. {ϕ, 100000})/""""",-0.006524848134312908
0.501,0.002505,0.9689040981343369,0.006530279085430607
0.501,0.0025551000000000003,1.039858648382954,0.005198391357336921
0.501,0.0026052,1.110140087607545,0.0038705991265737677
0.501,0.0026553,1.1773891764936368,0.0025476308817814555
0.501,0.0027054,1.2301114077500201,0.0012301763255108608
0.501,0.0027554999999999997,1.2516715100325067,-0.00008111292808644227
0.501,0.0028056,1.2147501158687277,-0.001385622582206758
0.501,0.0028557,1.0703917930337516,-0.002682774822016065
0.501,0.0029058,0.6782723820672497,-0.003972027423611767
0.501,0.0029559,"(ϕ /. {ϕ, 100000})/""""",-0.005252872815448097
0.501,0.003006,"(ϕ /. {ϕ, 100000})/""""",-0.0065248370999880165
0.506,0.00253,0.9689029082033349,0.0065302888078155805
0.506,0.0025806,1.0398574295308827,0.00519840124965322
0.506,0.0026311999999999998,1.1101387393840918,0.0038706091825755976
0.506,0.0026818000000000002,1.1773878877063346,0.0025476410952297718
0.506,0.0027324000000000003,1.2301103863258867,0.0012301866901967412
0.506,0.002783,1.251671188552122,-0.0000811024183350953
0.506,0.0028336,1.2147510091997562,-0.0013856119334992381
0.506,0.0028842,1.070395145623333,-0.0026827640403983694
0.506,0.0029348000000000004,0.6782846198762396,-0.003972016515035301
0.506,0.0029854,"(ϕ /. {ϕ, 100000})/""""",-0.005252861785778752
0.506,0.003036,"(ϕ /. {ϕ, 100000})/""""",-0.0065248259549813
0.511,0.002555,0.9689015063821254,0.006530298626756352
0.511,0.0026061,1.0398558756514813,0.0051984112402131966
0.511,0.0026571999999999998,1.1101372934836091,0.0038706193384445003
0.511,0.0027083,1.1773865309342302,0.002547651410109694
0.511,0.0027594000000000004,1.23010932661578,0.0012301971578149301
0.511,0.0028105,1.2516708023664143,-0.0000810918042058878
0.511,0.0028616,1.2147518492348963,-0.001385601179040491
0.511,0.0029127000000000003,1.0703985145277637,-0.0026827531517039788
0.511,0.0029638000000000004,0.6782973523834651,-0.00397200549812584
0.511,0.0030149,"(ϕ /. {ϕ, 100000})/""""",-0.0052528506465724795
0.511,0.003066,"(ϕ /. {ϕ, 100000})/""""",-0.006524814699290324
0.516,0.0025800000000000003,0.9689001923605052,0.006530308542253491
0.516,0.0026316000000000004,1.0398545142162394,0.005198421329012631
0.516,0.0026831999999999997,1.1101358559989603,0.0038706295941805385
0.516,0.0027348,1.1773851755210674,0.002547661826422888
0.516,0.0027864,1.2301083838696185,0.0012302077283687998
0.516,0.002838,1.2516704278262276,-0.00008108108570619582
0.516,0.0028896,1.2147527032948344,-0.001385590318824327
0.516,0.0029412,1.0704019137523895,-0.0026827421559355094
0.516,0.0029928000000000003,0.6783099702705221,-0.003971994372880934
0.516,0.0030444,"(ϕ /. {ϕ, 100000})/""""",-0.005252839397825018
0.516,0.0030960000000000002,"(ϕ /. {ϕ, 100000})/""""",-0.006524803332912915
0.521,0.002605,0.9688987152065537,0.006530318554301903
0.521,0.0026571000000000003,1.0398530660281273,0.005198431516056992
0.521,0.0027092,1.1101345018068056,0.003870639949786897
0.521,0.0027613,1.1773838060727302,0.002547672344167938
0.521,0.0028134,1.230107353682597,0.0012302184018557275
0.521,0.0028655,1.2516700418834596,-0.00008107026283036417
0.521,0.0029176000000000002,1.2147537798969816,-0.0013855793528528698
0.521,0.0029697,1.0704053459894534,-0.0026827310530925935
0.521,0.0030218000000000003,0.6783227881034566,-0.003971983139297683
0.521,0.0030739,"(ϕ /. {ϕ, 100000})/""""",-0.005252828039539241
0.521,0.0031260000000000003,"(ϕ /. {ϕ, 100000})/""""",-0.006524791855850594
0.526,0.00263,0.9688976309334518,0.00653032866290721
0.526,0.0026826000000000003,1.039851710420003,0.005198441801341658
0.526,0.0027352,1.1101330321028093,0.0038706504052597665
0.526,0.0027878,1.177382440010248,0.0025476829633429288
0.526,0.0028404000000000003,1.230106370937986,0.0012302291782765595
0.526,0.002893,1.2516697681795188,-0.00008105933557865652
0.526,0.0029456,1.214755080220142,-0.0013855682811268963
0.526,0.0029982000000000003,1.0704088311036244,-0.0026827198431707416
0.526,0.0030508,0.6783356626142679,-0.00397197179737846
0.526,0.0031034,"(ϕ /. {ϕ, 100000})/""""",-0.005252816571715911
0.526,0.0031560000000000004,"(ϕ /. {ϕ, 100000})/""""",-0.006524780268105983
0.531,0.0026550000000000002,0.9688961842729678,0.00653033886806631
0.531,0.0027081,1.0398502858742247,0.0051984521848687446
0.531,0.0027612,1.1101314196785526,0.0038706609606003264
0.531,0.0028143,1.1773812089151339,0.002547693683951885
0.531,0.0028674000000000004,1.2301052574170328,0.0012302400576318512
0.531,0.0029205,1.251669387227092,-0.00008104830395332802
0.531,0.0029736000000000003,1.2147557659717751,-0.0013855571036459277
0.531,0.0030267000000000002,1.0704123379582633,-0.0026827085261779127
0.531,0.0030798000000000006,0.6783489605298786,-0.00397196034712189
0.531,0.0031329,"(ϕ /. {ϕ, 100000})/""""",-0.0052528049943517605
0.531,0.003186,"(ϕ /. {ϕ, 100000})/""""",-0.006524768569672601
0.536,0.00268,0.9688950054940855,0.006530349169781145
0.536,0.0027336000000000005,1.0398489431121973,0.005198462666640806
0.536,0.0027872,1.1101300229071651,0.003870671615811082
0.536,0.0028408,1.1773797263503547,0.002547704505993141
0.536,0.0028944000000000005,1.2301041113593323,0.0012302510399221367
0.536,0.002948,1.2516689801842598,-0.00008103716795240801
0.536,0.0030016,1.2147567512664337,-0.0013855458204076673
0.536,0.0030552,1.0704158287091456,-0.0026826971021049334
0.536,0.0031088000000000005,0.678362142253163,-0.003971948788531084
0.536,0.0031624,"(ϕ /. {ϕ, 100000})/""""",-0.005252793307448406
0.536,0.003216,"(ϕ /. {ϕ, 100000})/""""",-0.006524756760556874
0.541,0.0027050000000000004,0.9688933862668287,0.00653035956804935
0.541,0.0027591000000000004,1.0398473623106719,0.005198473246653353
0.541,0.0028132,1.1101286003458983,0.0038706823708894098
0.541,0.0028673,1.1773783076510833,0.0025477154294654483
0.541,0.0029214,1.2301030414668923,0.0012302621251455287
0.541,0.0029755,1.2516686272736495,-0.00008102592757447402
0.541,0.0030296000000000003,1.2147577135932717,-0.0013855344314153903
0.541,0.0030837000000000004,1.0704193655708745,-0.0026826855709599917
0.541,0.0031378000000000005,0.6783755011040342,-0.003971937121600766
0.541,0.0031919,"(ϕ /. {ϕ, 100000})/""""",-0.005252781511005909
0.541,0.003246,"(ϕ /. {ϕ, 100000})/""""",-0.0065247448407535075
0.546,0.0027300000000000002,0.9688921075027193,0.0065303700628737
0.546,0.0027846000000000004,1.0398460390705908,0.0051984839249095485
0.546,0.0028392,1.1101270379892811,0.0038706932258366217
0.546,0.0028938,1.177376848130036,0.002547726454369917
0.546,0.0029484000000000003,1.2301019787158614,0.0012302733133050248
0.546,0.003003,1.2516682126990866,-0.00008101458282223223
0.546,0.0030576,1.2147587013224697,-0.0013855229366679725
0.546,0.0031122000000000003,1.0704231154179238,-0.002682673932736697
0.546,0.0031668000000000004,0.6783887655652926,-0.003971925346334906
0.546,0.0032214,"(ϕ /. {ϕ, 100000})/""""",-0.0052527696050226474
0.546,0.0032760000000000003,"(ϕ /. {ϕ, 100000})/""""",-0.0065247328102656585
0.551,0.002755,0.9688907823819318,0.006530380654252758
0.551,0.0028101000000000003,1.0398444431806773,0.005198494701407798
0.551,0.0028652,1.1101255959238618,0.003870704180652898
0.551,0.0029203000000000002,1.1773755710874125,0.002547737580708316
0.551,0.0029754000000000004,1.2301008275787508,0.0012302846043976481
0.551,0.0030305,1.2516678006814659,-0.0000810031336948222
0.551,0.0030856000000000004,1.2147597008421553,-0.0013855113361631588
0.551,0.0031407,1.0704265274645388,-0.0026826621874396217
0.551,0.0031958000000000004,0.6784025961358547,-0.003971913462731402
0.551,0.0032509,"(ϕ /. {ϕ, 100000})/""""",-0.005252757589498697
0.551,0.0033060000000000003,"(ϕ /. {ϕ, 100000})/""""",-0.006524720669092016
0.556,0.0027800000000000004,0.9688892620783678,0.006530391342187192
0.556,0.0028356000000000006,1.039842895245449,0.005198505576151376
0.556,0.0028912,1.1101240585332688,0.003870715235337212
0.556,0.0029468000000000003,1.177374136556753,0.0025477488084793137
0.556,0.0030024000000000006,1.2300997854564342,0.00123029599842666
0.556,0.003058,1.2516674832592471,-0.00008099158019038433
0.556,0.0031136000000000002,1.214760577008619,-0.0013854996299041827
0.556,0.0031692000000000005,1.0704303469904108,-0.0026826503350635897
0.556,0.0032248000000000008,0.6784162271505224,-0.003971901470789907
0.556,0.0032804,"(ϕ /. {ϕ, 100000})/""""",-0.00525274546443566
0.556,0.0033360000000000004,"(ϕ /. {ϕ, 100000})/""""",-0.006524708417234418
0.561,0.002805,0.9688876357277584,0.006530402126677284
0.561,0.0028611000000000005,1.0398414116872197,0.0051985165491360424
0.561,0.0029172,1.1101226146471967,0.003870726389890472
0.561,0.0029733000000000003,1.177372712418819,0.0025477601376839853
0.561,0.0030294000000000007,1.2300986041401836,0.001230307495390208
0.561,0.0030855,1.2516670817164377,-0.0000809799223089186
0.561,0.0031416000000000005,1.2147617338913448,-0.0013854878178869712
0.561,0.0031977000000000004,1.0704339689756186,-0.0026826383756109393
0.561,0.0032538000000000007,0.6784302268192216,-0.0039718893705120925
0.561,0.0033099,"(ϕ /. {ϕ, 100000})/""""",-0.005252733229830588
0.561,0.0033660000000000005,"(ϕ /. {ϕ, 100000})/""""",-0.00652469605468587
0.5660000000000001,0.0028300000000000005,0.9688862392653826,0.006530413007722488
0.5660000000000001,0.0028866000000000005,1.0398399842800945,0.005198527620364504
0.5660000000000001,0.0029432,1.110120964115946,0.0038707376443137126
0.5660000000000001,0.0029998000000000004,1.17737118975909,0.0025477715683192084
0.5660000000000001,0.0030564000000000003,1.2300975615730132,0.001230319095288944
0.5660000000000001,0.0031130000000000003,1.2516666969269767,-0.00008096816005247198
0.5660000000000001,0.0031696000000000003,1.2147628367666876,-0.0013854759001138625
0.5660000000000001,0.0032262000000000002,1.0704377514999188,-0.0026826263090837243
0.5660000000000001,0.0032828000000000006,0.6784440330904548,-0.003971877161895093
0.5660000000000001,0.0033394,"(ϕ /. {ϕ, 100000})/""""",-0.005252720885687463
0.5660000000000001,0.0033960000000000006,"(ϕ /. {ϕ, 100000})/""""",-0.006524683581453999
0.5710000000000001,0.0028550000000000003,0.9688849235703295,0.00653042398532367
0.5710000000000001,0.0029121000000000004,1.0398382080221005,0.005198538789837746
0.5710000000000001,0.0029692000000000004,1.110119440811884,0.0038707489986058025
0.5710000000000001,0.0030263000000000004,1.1773696917624477,0.0025477831003904577
0.5710000000000001,0.0030834000000000005,1.2300963876643658,0.0012303307981224448
0.5710000000000001,0.0031405,1.2516663100442154,-0.000080956293419511
0.5710000000000001,0.0031976000000000005,1.2147638327251153,-0.0013854638765843433
0.5710000000000001,0.0032547000000000006,1.070441407140127,-0.0026826141354790514
0.5710000000000001,0.0033118000000000006,0.6784580086460142,-0.003971864844939818
0.5710000000000001,0.0033689,"(ϕ /. {ϕ, 100000})/""""",-0.005252708432001478
0.5710000000000001,0.0034260000000000007,"(ϕ /. {ϕ, 100000})/""""",-0.006524670997536487
0.5760000000000001,0.00288,0.9688835237601586,0.0065304350594806646
0.5760000000000001,0.0029376000000000007,1.0398368034700425,0.005198550057553576
0.5760000000000001,0.0029952000000000004,1.110117820159244,0.003870760452768081
0.5760000000000001,0.0030528000000000005,1.177368107631693,0.002547794733893556
0.5760000000000001,0.0031104000000000006,1.230095279051041,0.0012303426038937151
0.5760000000000001,0.0031680000000000002,1.2516659090428515,-0.0000809443224122422
0.5760000000000001,0.0032256000000000003,1.214764881355145,-0.0013854517472996208
0.5760000000000001,0.0032832000000000004,1.0704452536814388,-0.002682601854795609
0.5760000000000001,0.0033408000000000005,0.678472312853589,-0.003971852419648501
0.5760000000000001,0.0033984,"(ϕ /. {ϕ, 100000})/""""",-0.00525269586877556
0.5760000000000001,0.0034560000000000003,"(ϕ /. {ϕ, 100000})/""""",-0.006524658302930149
0.581,0.002905,0.9688820377050616,0.006530446230194144
0.581,0.0029631,1.039835151764768,0.005198561423512632
0.581,0.0030211999999999995,1.1101162418149912,0.0038707720067984175
0.581,0.0030792999999999997,1.1773667507454186,0.0025478064688310917
0.581,0.0031374,1.230094159463191,0.0012303545125986887
0.581,0.0031954999999999996,1.2516654437054149,-0.00008093224702584306
0.581,0.0032535999999999997,1.214765939795892,-0.0013854395122567323
0.581,0.0033117,1.0704490706441623,-0.002682589467038282
0.581,0.0033698,0.6784864882579789,-0.003971839886018819
0.581,0.0034279,"(ϕ /. {ϕ, 100000})/""""",-0.005252683196008939
0.581,0.003486,"(ϕ /. {ϕ, 100000})/""""",-0.006524645497639002
0.586,0.00293,0.9688805189191445,0.00653045749746331
0.586,0.0029886,1.03983366030989,0.005198572887716642
0.586,0.0030471999999999995,1.1101146343305603,0.003870783660700032
0.586,0.0031057999999999997,1.177365286613028,0.0025478183051999767
0.586,0.0031644,1.230092955887131,0.0012303665242396969
0.586,0.0032229999999999997,1.2516650259056477,-0.00008092006726298506
0.586,0.0032816,1.214767030991317,-0.001385427171454602
0.586,0.0033401999999999998,1.070452906792556,-0.0026825769722019707
0.586,0.0033988,0.6785011382183885,-0.0039718272440504646
0.586,0.0034574,"(ϕ /. {ϕ, 100000})/""""",-0.0052526704136998115
0.586,0.003516,"(ϕ /. {ϕ, 100000})/""""",-0.0065246325816589595
0.591,0.0029549999999999997,0.9688791337031909,0.006530468861288406
0.591,0.0030141,1.0398319983002264,0.0051985844501642176
0.591,0.0030732,1.1101130186627175,0.003870795414471176
0.591,0.0031322999999999998,1.1773637944078073,0.002547830243004652
0.591,0.0031914,1.2300918124889941,0.0012303786388156573
0.591,0.0032504999999999995,1.2516647462082957,-0.00008090778312423719
0.591,0.0033095999999999998,1.2147680341195977,-0.0013854147248997806
0.591,0.0033687,1.0704568442270337,-0.0026825643702886176
0.591,0.0034278,0.6785157281349359,-0.003971814493743189
0.591,0.0034869,"(ϕ /. {ϕ, 100000})/""""",-0.005252657521850113
0.591,0.003546,"(ϕ /. {ϕ, 100000})/""""",-0.0065246195549933175
0.596,0.00298,0.9688774951882245,0.006530480321669592
0.596,0.0030396,1.0398303532879862,0.005198596110855151
0.596,0.0030992,1.110111396388172,0.0038708072681115577
0.596,0.0031588,1.177362087923666,0.0025478422822430152
0.596,0.0032184,1.230090639940398,0.0012303908563310803
0.596,0.0032779999999999997,1.2516642847700645,-0.00008089539460769124
0.596,0.0033376,1.2147690886917224,-0.0013854021725849125
0.596,0.0033972,1.0704607218767663,-0.0026825516612969946
0.596,0.0034568000000000003,0.6785303535151366,-0.00397180163509589
0.596,0.0035164,"(ϕ /. {ϕ, 100000})/""""",-0.005252644520457345
0.596,0.0035759999999999998,"(ϕ /. {ϕ, 100000})/""""",-0.006524606417638475
0.601,0.003005,0.968875952852668,0.0065304918786062705
0.601,0.0030651000000000003,1.0398288480377054,0.005198607869792496
0.601,0.0031252,1.1101097819338361,0.0038708192216220516
0.601,0.0031853,1.1773606695931993,0.0025478544229152397
0.601,0.0032454,1.2300894404395424,0.0012304031767803314
0.601,0.0033055,1.2516638167625074,-0.00008088290171465173
0.601,0.0033656,1.2147702378598852,-0.0013853895145129053
0.601,0.0034257,1.0704647153904454,-0.0026825388452288434
0.601,0.0034858000000000003,0.6785452415384009,-0.003971788668112722
0.601,0.0035459,"(ϕ /. {ϕ, 100000})/""""",-0.0052526314095249285
0.601,0.003606,"(ϕ /. {ϕ, 100000})/""""",-0.006524593169597914
0.606,0.00303,0.9688744156643705,0.006530503532101252
0.606,0.0030906,1.039827160915086,0.005198619726974205
0.606,0.0031512,1.1101080064309992,0.003870831275003324
0.606,0.0032118,1.1773589123212183,0.002547866665020694
0.606,0.0032724,1.230088160137772,0.001230415600165742
0.606,0.0033329999999999996,1.2516634685518577,-0.00008087030444386967
0.606,0.0033935999999999997,1.2147713506720073,-0.001385376750684418
0.606,0.0034542,1.070468645395732,-0.0026825259220805975
0.606,0.0035148,0.6785600905247536,-0.003971775592788641
0.606,0.0035754,"(ϕ /. {ϕ, 100000})/""""",-0.005252618189049631
0.606,0.003636,"(ϕ /. {ϕ, 100000})/""""",-0.006524579810869305
0.611,0.003055,0.968873023896227,0.006530515282152934
0.611,0.0031161,1.0398255168022708,0.005198631682398258
0.611,0.0031772,1.1101063327930505,0.003870843428255742
0.611,0.0032383,1.1773575160042884,0.0025478790085610784
0.611,0.0032994,1.2300870273637687,0.0012304281264887904
0.611,0.0033604999999999998,1.2516630779480744,-0.00008085760279443605
0.611,0.0034216,1.2147724642454596,-0.001385363881096939
0.611,0.0034827,1.0704727613131548,-0.0026825128918569266
0.611,0.0035438,0.6785752159284704,-0.003971762409124134
0.611,0.0036049,"(ϕ /. {ϕ, 100000})/""""",-0.005252604859032631
0.611,0.003666,"(ϕ /. {ϕ, 100000})/""""",-0.00652456634145273
0.616,0.00308,0.9688713050453096,0.006530527128761336
0.616,0.0031416,1.0398239362923831,0.005198643736066329
0.616,0.0032032,1.1101045524141946,0.0038708556813779674
0.616,0.0032648,1.1773558639238795,0.0025478914535368227
0.616,0.0033264,1.2300856457034133,0.0012304407557472419
0.616,0.003388,1.2516626230218448,-0.00008084479676968154
0.616,0.0034495999999999997,1.2147736129533475,-0.0013853509057518976
0.616,0.0035112,1.0704767579278665,-0.0026824997545542503
0.616,0.0035728,0.6785903382686799,-0.003971749117122329
0.616,0.0036344,"(ϕ /. {ϕ, 100000})/""""",-0.005252591419472631
0.616,0.003696,"(ϕ /. {ϕ, 100000})/""""",-0.006524552761346732
0.621,0.003105,0.9688698539663587,0.006530539071925245
0.621,0.0031671000000000004,1.0398222822347554,0.005198655887982469
0.621,0.0032291999999999998,1.110102900686494,0.0038708680343694304
0.621,0.0032913,1.1773543493769147,0.0025479039999453043
0.621,0.0033534000000000003,1.2300846035019655,0.001230453487943338
0.621,0.0034154999999999997,1.2516621153475582,-0.00008083188636526933
0.621,0.0034776,1.2147747377153313,-0.0013853378246483847
0.621,0.0035397000000000002,1.0704808414667804,-0.0026824865101721176
0.621,0.0036018,0.6786057361082394,-0.003971735716780687
0.621,0.0036639,"(ϕ /. {ϕ, 100000})/""""",-0.005252577870371318
0.621,0.003726,"(ϕ /. {ϕ, 100000})/""""",-0.006524539070554787
0.626,0.00313,0.9688682003272503,0.006530551111648013
0.626,0.0031926000000000003,1.0398206573682978,0.0051986681381409605
0.626,0.0032551999999999998,1.1101011807108625,0.003870880487233122
0.626,0.0033178,1.1773526259361538,0.0025479166477891182
0.626,0.0033804,1.2300832600024396,0.001230466323078272
0.626,0.003443,1.2516617149232208,-0.00008081887158452317
0.626,0.0035055999999999998,1.214775809565652,-0.0013853246377864142
0.626,0.0035682,1.07048498464418,-0.002682473158711028
0.626,0.0036308000000000004,0.6786212444010623,-0.003971722208099271
0.626,0.0036934,"(ϕ /. {ϕ, 100000})/""""",-0.005252564211726964
0.626,0.0037560000000000002,"(ϕ /. {ϕ, 100000})/""""",-0.006524525269073371
0.631,0.0031550000000000003,0.9688661894594373,0.006530563247927577
0.631,0.0032181,1.0398188543390265,0.005198680486546668
0.631,0.0032811999999999997,1.1100994250181904,0.003870893039968168
0.631,0.0033443,1.1773510286420272,0.002547929397068216
0.631,0.0034074,1.2300820047597836,0.0012304792611470758
0.631,0.0034704999999999996,1.2516613525556497,-0.00008080575242439686
0.631,0.0035336,1.2147771356647732,-0.0013853113451669716
0.631,0.0035967,1.0704890360068964,-0.0026824597001732994
0.631,0.0036598000000000004,0.6786366057860174,-0.003971708591078725
0.631,0.0037229,"(ϕ /. {ϕ, 100000})/""""",-0.005252550443539596
0.631,0.0037860000000000003,"(ϕ /. {ϕ, 100000})/""""",-0.006524511356903469
0.636,0.00318,0.9688649344803894,0.006530575480763419
0.636,0.0032436,1.0398171311506552,0.005198692933195609
0.636,0.0033071999999999997,1.1100977747668872,0.0038709056925728402
0.636,0.0033708,1.177349428539413,0.0025479422477826946
0.636,0.0034344,1.2300807985354212,0.0012304923021532119
0.636,0.003498,1.2516609130679863,-0.00008079252888457122
0.636,0.0035616,1.2147782201173403,-0.0013852979467885648
0.636,0.0036252000000000003,1.070493305870816,-0.002682446134556579
0.636,0.0036888000000000003,0.6774439246797056,-0.003971694865719681
0.636,0.0037524,"(ϕ /. {ϕ, 100000})/""""",-0.0052525365658096235
0.636,0.003816,"(ϕ /. {ϕ, 100000})/""""",-0.006524497334045691
0.641,0.003205,0.9688632669152948,0.006530587810157862
0.641,0.0032691000000000005,1.0398152858794238,0.005198705478090017
0.641,0.0033331999999999997,1.1100960112690523,0.003870918445049089
0.641,0.0033973000000000002,1.1773478141156146,0.0025479551999320407
0.641,0.0034614000000000003,1.2300794450451893,0.0012305054460985468
0.641,0.0035255,1.2516604129192577,-0.00008077920096997981
0.641,0.0035896,1.2147793115403067,-0.0013852844426513675
0.641,0.0036537,1.0704975080641381,-0.0026824324618590703
0.641,0.0037178000000000003,0.6774595250640805,-0.003971681032016852
0.641,0.0037819,"(ϕ /. {ϕ, 100000})/""""",-0.005252522578536485
0.641,0.003846,"(ϕ /. {ϕ, 100000})/""""",-0.006524483200498615
0.646,0.0032300000000000002,0.9688616798212307,0.006530600236108526
0.646,0.0032946000000000004,1.0398136277505252,0.005198718121231488
0.646,0.0033592,1.1100942094630863,0.0038709312973973717
0.646,0.0034238000000000003,1.1773461163351309,0.002547968253516872
0.646,0.0034884000000000004,1.2300781403939998,0.0012305186929804715
0.646,0.0035529999999999997,1.2516600094345862,-0.00008076576867411395
0.646,0.0036176,1.2147804672632583,-0.0013852708327553934
0.646,0.0036822,1.0705018096090295,-0.002682418682085165
0.646,0.0037468000000000002,0.6774755777458336,-0.003971667089976191
0.646,0.0038114,"(ϕ /. {ϕ, 100000})/""""",-0.0052525084817207635
0.646,0.003876,"(ϕ /. {ϕ, 100000})/""""",-0.006524468956262693
0.651,0.003255,0.9688599843026121,0.006530612758618035
0.651,0.0033201000000000003,1.0398119768367373,0.005198730862616664
0.651,0.0033852,1.1100924511569825,0.003870944249617654
0.651,0.0034503000000000003,1.1773445038792023,0.002547981408535474
0.651,0.0035154,1.2300768823602501,0.001230532042801477
0.651,0.0035805,1.251659479020662,-0.00008075223200099124
0.651,0.0036456,1.2147817473446092,-0.0013852571171010866
0.651,0.0037107000000000004,1.0705060770493,-0.0026824047952293123
0.651,0.0037758000000000006,0.6774917183447132,-0.003971653039593938
0.651,0.0038409,"(ϕ /. {ϕ, 100000})/""""",-0.00525249427536055
0.651,0.003906,"(ϕ /. {ϕ, 100000})/""""",-0.006524454601336924
0.656,0.0032800000000000004,0.9688583411795492,0.006530625377684535
0.656,0.0033456000000000002,1.0398102548791324,0.005198743702249993
0.656,0.0034112,1.1100905931816736,0.003870957301707584
0.656,0.0034768000000000004,1.1773428146466587,0.0025479946649907964
0.656,0.0035424000000000002,1.2300755505708887,0.0012305454955596484
0.656,0.003608,1.2516588212601465,-0.00008073859094789859
0.656,0.0036736,1.214782874264313,-0.001385243295687344
0.656,0.0037392000000000002,1.070510458472413,-0.0026823908012960085
0.656,0.0038048000000000005,0.6775079107534937,-0.003971638880871972
0.656,0.0038704,"(ϕ /. {ϕ, 100000})/""""",-0.00525247995945715
0.656,0.003936,"(ϕ /. {ϕ, 100000})/""""",-0.006524440135721267
0.661,0.003305,0.9688567659663333,0.00653063809330813
0.661,0.0033711000000000006,1.0398083222124441,0.005198756640127242
0.661,0.0034372,1.110088877756641,0.003870970453670998
0.661,0.0035033,1.177340976601608,0.0025480080228819924
0.661,0.0035694000000000004,1.2300742902963215,0.0012305590512530773
0.661,0.0036355,1.2516586144880464,-0.0000807248455165846
0.661,0.0037016,1.214784144300613,-0.0013852293685148037
0.661,0.0037677,1.0705145954283506,-0.0026823767002820825
0.661,0.0038338000000000005,0.6775243141706507,-0.0039716246138084554
0.661,0.0038999,"(ϕ /. {ϕ, 100000})/""""",-0.00525246553400955
0.661,0.003966,"(ϕ /. {ϕ, 100000})/""""",-0.006524425559418567
0.666,0.00333,0.9688549477951045,0.006530650905492562
0.666,0.0033966000000000005,1.0398066159977546,0.005198769676249403
0.666,0.0034632,1.1100870021073306,0.0038709837055064186
0.666,0.0035298,1.177339441226079,0.002548021482208618
0.666,0.0035964000000000005,1.2300728441447428,0.0012305727098874883
0.666,0.003663,1.251658128147395,-0.00008071099570693824
0.666,0.0037296,1.2147853600703011,-0.0013852153355820018
0.666,0.0037962000000000004,1.07051913626538,-0.0026823624921885267
0.666,0.0038628000000000004,0.6775407675080802,-0.003971610238403325
0.666,0.0039294,"(ϕ /. {ϕ, 100000})/""""",-0.00525245099901929
0.666,0.003996,"(ϕ /. {ϕ, 100000})/""""",-0.006524410872422719
0.671,0.0033550000000000003,0.9688531350620422,0.006530663814232812
0.671,0.0034221000000000004,1.0398048132930955,0.00519878281061948
0.671,0.0034892,1.1112704617273272,0.0038709970572134225
0.671,0.0035563,1.1773375885046602,0.002548035042970853
0.671,0.0036234000000000006,1.2300716283827133,0.0012305864714589054
0.671,0.0036905,1.2516577193434506,-0.0000806970415169958
0.671,0.0037576000000000003,1.2147864659463354,-0.0013852011968901595
0.671,0.0038247000000000003,1.0705236400995142,-0.0026823481770143764
0.671,0.0038918000000000004,0.6775572603232256,-0.00397159575465908
0.671,0.0039589000000000004,"(ϕ /. {ϕ, 100000})/""""",-0.0052524363544829075
0.671,0.004026,"(ϕ /. {ϕ, 100000})/""""",-0.006524396074738585
0.676,0.00338,0.9688515962575633,0.006530676819533142
0.676,0.0034476000000000003,1.0398029390583596,0.005198796043234366
0.676,0.0035152,1.1112685694270692,0.003871010508791309
0.676,0.0035828,1.1773359606136427,0.0025480487051710993
0.676,0.0036504000000000003,1.2300702019046874,0.0012306003359698475
0.676,0.003718,1.2516572675508557,-0.0000806829829459732
0.676,0.0037856,1.214787806480427,-0.0013851869524378613
0.676,0.0038532,1.0705281774777597,-0.0026823337547610404
0.676,0.0039208,0.6775739951756191,-0.00397158116257245
0.676,0.0039884000000000005,"(ϕ /. {ϕ, 100000})/""""",-0.005252421600405614
0.676,0.004056000000000001,"(ϕ /. {ϕ, 100000})/""""",-0.006524381166365577
0.681,0.0034050000000000005,0.9688498090353537,0.0065306899213908864
0.681,0.0034731000000000007,1.0398011990422493,0.005198809374097432
0.681,0.0035412,1.1112665986298709,0.003871024060242631
0.681,0.0036093,1.177334180672546,0.0025480624688051026
0.681,0.0036774000000000004,1.2300688091935292,0.001230614303418344
0.681,0.0037455,1.2516567422534048,-0.0000806688199967362
0.681,0.0038136000000000003,1.214788974182438,-0.0013851726022252112
0.681,0.0038817000000000005,1.0705325683135913,-0.0026823192254261732
0.681,0.003949800000000001,0.6775909892757243,-0.003971566462143888
0.681,0.0040179000000000005,"(ϕ /. {ϕ, 100000})/""""",-0.005252406736781817
0.681,0.004086,"(ϕ /. {ϕ, 100000})/""""",-0.006524366147301536
0.686,0.0034300000000000003,0.9688479923125712,0.006530703119807198
0.686,0.0034986000000000006,1.039799288209482,0.005198822803207048
0.686,0.0035672,1.111264779009143,0.003871037711565377
0.686,0.0036358000000000002,1.1773323429149996,0.0025480763338772694
0.686,0.0037044000000000005,1.230067529888214,0.0012306283738070661
0.686,0.003773,1.2516561810848206,-0.0000806545526696803
0.686,0.0038416,1.214790231407935,-0.0013851581462549084
0.686,0.003910200000000001,1.0705370355740647,-0.002682304589012474
0.686,0.0039788,0.6776078818719408,-0.003971551653374365
0.686,0.0040474000000000005,"(ϕ /. {ϕ, 100000})/""""",-0.0052523917636122935
0.686,0.004116000000000001,"(ϕ /. {ϕ, 100000})/""""",-0.006524351017545164
0.6910000000000001,0.003455,0.9688461841365691,0.006530716414783512
0.6910000000000001,0.0035241000000000005,1.0397973645434624,0.005198836330563561
0.6910000000000001,0.0035932,1.1112628661785535,0.0038710514627606565
0.6910000000000001,0.0036623000000000003,1.1773306099288636,0.002548090300384956
0.6910000000000001,0.0037314000000000006,1.2300661208900519,0.0012306425471330026
0.6910000000000001,0.0038005,1.2516557900633813,-0.00008064018096052422
0.6910000000000001,0.0038696000000000004,1.2147915080528082,-0.001385143584521742
0.6910000000000001,0.003938700000000001,1.0705415093913477,-0.0026822898455185415
0.6910000000000001,0.004007800000000001,0.677624834222619,-0.003971536736261307
0.6910000000000001,0.0040769000000000005,"(ϕ /. {ϕ, 100000})/""""",-0.005252376680900693
0.6910000000000001,0.004146,"(ϕ /. {ϕ, 100000})/""""",-0.0065243357771022845
0.6960000000000001,0.0034800000000000005,0.9688445036160701,0.006530729806317977
0.6960000000000001,0.0035496000000000004,1.039795643715081,0.005198849956164882
0.6960000000000001,0.0036192000000000004,1.1112610681925927,0.0038710653138311
0.6960000000000001,0.0036888000000000003,1.1773288055977567,0.0025481043683303964
0.6960000000000001,0.0037584000000000007,1.2300648562150684,0.0012306568233977286
0.6960000000000001,0.0038280000000000002,1.251655318470758,-0.00008062570487426396
0.6960000000000001,0.0038976,1.2147927888578298,-0.001385128917027828
0.6960000000000001,0.003967200000000001,1.0705461862603147,-0.0026822749949430846
0.6960000000000001,0.004036800000000001,0.677642161251471,-0.003971521710809951
0.6960000000000001,0.0041064000000000005,"(ϕ /. {ϕ, 100000})/""""",-0.005252361488641014
0.6960000000000001,0.004176000000000001,"(ϕ /. {ϕ, 100000})/""""",-0.006524320425963626
0.7010000000000001,0.0035050000000000003,0.9688427605478225,0.006530743294411334
0.7010000000000001,0.0035751000000000008,1.0397936344795262,0.005198863680013474
0.7010000000000001,0.0036452000000000003,1.1112591177605016,0.0038710792647734943
0.7010000000000001,0.0037153000000000004,1.1773270001518683,0.0025481185377116897
0.7010000000000001,0.0037854000000000004,1.230063379646559,0.0012306712026026317
0.7010000000000001,0.0038555,1.2516547869322712,-0.00008061112440373858
0.7010000000000001,0.0039256000000000004,1.214794078118568,-0.0013851141437758452
0.7010000000000001,0.0039957000000000005,1.0705507385271789,-0.0026822600372873734
0.7010000000000001,0.0040658000000000005,0.6776592170332709,-0.003971506577012784
0.7010000000000001,0.0041359000000000005,"(ϕ /. {ϕ, 100000})/""""",-0.005252346186839445
0.7010000000000001,0.0042060000000000005,"(ϕ /. {ϕ, 100000})/""""",-0.006524304964138375
0.706,0.0035299999999999997,0.9688408821686368,0.006530756879064133
0.706,0.0036006000000000002,1.039791711523281,0.00519887750210913
0.706,0.0036711999999999995,1.1112571981507977,0.003871093315588041
0.706,0.0037418,1.1773252167598358,0.002548132808530064
0.706,0.0038124,1.2300619189462245,0.0012306856847465256
0.706,0.0038829999999999997,1.2516543018191206,-0.0000805964395544645
0.706,0.0039536,1.2147953132068945,-0.0013850992647622962
0.706,0.0040242,1.0705554530814818,-0.002682244972548299
0.706,0.0040948,0.6776768412929299,-0.003971491334875732
0.706,0.0041654,"(ϕ /. {ϕ, 100000})/""""",-0.00525233077549208
0.706,0.004236,"(ϕ /. {ϕ, 100000})/""""",-0.006524289391618879
0.711,0.003555,0.9688390951997722,0.006530770560274866
0.711,0.0036261,1.0397898250610913,0.005198891422453507
0.711,0.0036971999999999994,1.1112551308079317,0.0038711074662755307
0.711,0.0037683,1.1773233475629838,0.0025481471807870387
0.711,0.0038394,1.2300605439971155,0.0012307002698314015
0.711,0.0039105,1.2516537878291027,-0.00008058165032509557
0.711,0.0039816,1.2147966339894485,-0.0013850842799874516
0.711,0.0040527,1.070560074389496,-0.00268222980073006
0.711,0.0041238,0.6776947437226585,-0.003971475984395914
0.711,0.0041949,"(ϕ /. {ϕ, 100000})/""""",-0.005252315254597982
0.711,0.004266,"(ϕ /. {ϕ, 100000})/""""",-0.006524273708411174
0.716,0.00358,0.9688372167084272,0.006530784338046547
0.716,0.0036516,1.0397878773144358,0.005198905441044975
0.716,0.0037232,1.111253181667913,0.003871121716836269
0.716,0.0037947999999999996,1.1773215117127795,0.0025481616544798663
0.716,0.0038664,1.2300590626913463,0.0012307149578544146
0.716,0.003938,1.25165347864343,-0.00008056675671348767
0.716,0.0040095999999999994,1.2147979949239671,-0.0013850691894525882
0.716,0.0040812,1.0705646454302775,-0.002682214521829422
0.716,0.0041528,0.6777122491715565,-0.003971460525572047
0.716,0.0042244,"(ϕ /. {ϕ, 100000})/""""",-0.005252299624157394
0.716,0.004296,"(ϕ /. {ϕ, 100000})/""""",-0.006524257914510834
0.721,0.003605,0.9688355418446557,0.006530798212376246
0.721,0.0036771,1.0397860665677994,0.005198919557881619
0.721,0.0037492,1.111251217317251,0.0038711360672701173
0.721,0.0038212999999999997,1.1773194415978603,0.0025481762296100663
0.721,0.0038934,1.2300577052025128,0.0012307297488164115
0.721,0.003965499999999999,1.2516528793009654,-0.00008055175872312414
0.721,0.0040376,1.214799251177455,-0.0013850539931552358
0.721,0.0041097,1.0705693985981166,-0.002682199135847385
0.721,0.0041818,0.6777300764371226,-0.003971444958407254
0.721,0.0042539,"(ϕ /. {ϕ, 100000})/""""",-0.005252283884173287
0.721,0.004326,"(ϕ /. {ϕ, 100000})/""""",-0.006524242009917358
0.726,0.00363,0.9688336102801797,0.006530812183266212
0.726,0.0037026000000000003,1.0397839278148904,0.005198933772968796
0.726,0.0037752,1.1112492716135156,0.003871150517579393
0.726,0.0038477999999999997,1.177317772569732,0.002548190906179658
0.726,0.0039204,1.2300562604810465,0.0012307446427206326
0.726,0.003993,1.2516521874798598,-0.00008053665635154861
0.726,0.0040656,1.2148005782586846,-0.0013850386910960952
0.726,0.0041382,1.070574252869179,-0.0026821836427839696
0.726,0.0042108,0.6777480412810604,-0.003971429282899397
0.726,0.0042834,"(ϕ /. {ϕ, 100000})/""""",-0.005252268034641336
0.726,0.004356,"(ϕ /. {ϕ, 100000})/""""",-0.00652422599463405
0.731,0.003655,0.9688316814425924,0.006530826250716604
0.731,0.0037281000000000003,1.0397820087258502,0.005198948086301572
0.731,0.0038012,1.1112473531444684,0.00387116506776021
0.731,0.0038743,1.1773158290900305,0.002548205684184658
0.731,0.0039474,1.2300547518824452,0.0012307596395623038
0.731,0.0040205,1.2516518866681847,-0.00008052144959862922
0.731,0.0040936,1.2148019956980902,-0.001385023283277928
0.731,0.0041667,1.0705792369230454,-0.0026821680426396682
0.731,0.0042398,0.677765982359389,-0.0039714134990482056
0.731,0.0043129,"(ϕ /. {ϕ, 100000})/""""",-0.005252252075564776
0.731,0.004386,"(ϕ /. {ϕ, 100000})/""""",-0.006524209868657434
0.736,0.00368,0.9688298720743928,0.006530840414725264
0.736,0.0037536,1.0397800229404257,0.005198962497883264
0.736,0.0038272,1.1112453175467913,0.0038711797178164267
0.736,0.0039008,1.177314068670968,0.002548220563627135
0.736,0.0039744,1.2300532534902182,0.0012307747393439858
0.736,0.0040479999999999995,1.2516513033218672,-0.00008050613846339455
0.736,0.0041216,1.2148031282365337,-0.0013850077696956967
0.736,0.0041952000000000005,1.0705838075709322,-0.0026821523354139745
0.736,0.0042688000000000005,0.6777842909568357,-0.003971397606852854
0.736,0.0043424,"(ϕ /. {ϕ, 100000})/""""",-0.005252236006942648
0.736,0.004416,"(ϕ /. {ϕ, 100000})/""""",-0.006524193631988542
0.741,0.003705,0.9688279640597657,0.006530854675295246
0.741,0.0037791,1.0397780259465896,0.005198977007712685
0.741,0.0038531999999999998,1.1112432283862623,0.0038711944677478557
0.741,0.0039273,1.1773120725367276,0.0025482355445100233
0.741,0.0040014000000000004,1.2300518433924337,0.0012307899420672744
0.741,0.0040755,1.2516508301814215,-0.00008049072294830789
0.741,0.0041496,1.2148045939424312,-0.0013849921503529747
0.741,0.0042237,1.070588795207443,-0.002682136521102871
0.741,0.0042978,0.6778026684414152,-0.003971381606314529
0.741,0.0043719,"(ϕ /. {ϕ, 100000})/""""",-0.0052522198287712415
0.741,0.004446,"(ϕ /. {ϕ, 100000})/""""",-0.006524177284628299
0.746,0.0037300000000000002,0.9688261579744912,0.006530869032425481
0.746,0.0038046000000000004,1.0397759530523647,0.005198991615790939
0.746,0.0038791999999999997,1.1112411643556694,0.0038712093175493345
0.746,0.0039538,1.1773101282462122,0.0025482506268291807
0.746,0.0040284000000000006,1.230050374452771,0.001230805247732801
0.746,0.004103,1.2516503142053526,-0.00008047520305137779
0.746,0.0041776,1.2148058667028456,-0.0013849764252481106
0.746,0.0042522,1.070593840313076,-0.0026821205997104927
0.746,0.0043268000000000004,0.6778212527056708,-0.00397136549743296
0.746,0.0044014,"(ϕ /. {ϕ, 100000})/""""",-0.005252203541054788
0.746,0.004476,"(ϕ /. {ϕ, 100000})/""""",-0.006524160826575781
0.751,0.003755,0.9688241596545218,0.006530883486115371
0.751,0.0038301000000000003,1.0397738990227123,0.005199006322115923
0.751,0.0039051999999999997,1.1112390711078135,0.003871224267227684
0.751,0.0039803,1.1773082314841694,0.0025482658105882502
0.751,0.0040554,1.2300489193874502,0.0012308206563365412
0.751,0.0041305,1.2516497684816121,-0.00008045957877076543
0.751,0.0042056,1.2148072312412146,-0.0013849605943796126
0.751,0.0042807,1.0705987566758737,-0.00268210457123598
0.751,0.0043558,0.677839338013873,-0.00397134928020746
0.751,0.0044309,"(ϕ /. {ϕ, 100000})/""""",-0.0052521871437924555
0.751,0.0045060000000000005,"(ϕ /. {ϕ, 100000})/""""",-0.006524144257829385
0.756,0.00378,0.9688222408268257,0.006530898036365869
0.756,0.0038556000000000003,1.0397719487401909,0.005199021126690101
0.756,0.0039312,1.1112370726434395,0.0038712393167802187
0.756,0.0040068000000000005,1.1773062967318473,0.002548281095783665
0.756,0.0040824,1.2300472996497092,0.0012308361678817145
0.756,0.004157999999999999,1.2516492279652482,-0.00008044385010906596
0.756,0.0042336,1.2148087469922628,-0.0013849446577502006
0.756,0.0043092,1.070603694676123,-0.0026820884356790475
0.756,0.0043848,0.6778582781195833,-0.003971332954637349
0.756,0.0044604,"(ϕ /. {ϕ, 100000})/""""",-0.005252170636982224
0.756,0.004536,"(ϕ /. {ϕ, 100000})/""""",-0.006524127578390437
0.761,0.0038050000000000002,0.9688203392570872,0.006530912683176966
0.761,0.0038811,1.0397699477719315,0.0051990360295143465
0.761,0.0039572,1.1112349907596755,0.0038712544662068207
0.761,0.0040333,1.177304312580667,0.002548296482420505
0.761,0.0041094,1.23004579807387,0.0012308517823695839
0.761,0.0041855,1.2516486789218488,-0.00008042801706623776
0.761,0.0042616,1.2148101162551925,-0.0013849286153589796
0.761,0.0043377,1.0706087056101798,-0.0026820721930395156
0.761,0.004413800000000001,0.6778772707297397,-0.003971316520724258
0.761,0.0044899,"(ϕ /. {ϕ, 100000})/""""",-0.005252154020626079
0.761,0.004566,"(ϕ /. {ϕ, 100000})/""""",-0.006524110788260526
0.766,0.00383,0.968818368746465,0.006530927426549253
0.766,0.0039066000000000005,1.0397677025882006,0.0051990510305851695
0.766,0.0039832,1.1112328134677067,0.0038712697155083783
0.766,0.0040598,1.177302397206103,0.0025483119704925866
0.766,0.0041364,1.2300443280089968,0.0012308674997957153
0.766,0.004213,1.2516482085182004,-0.00008041207964180203
0.766,0.0042896,1.214811570424309,-0.0013849124672046728
0.766,0.004366200000000001,1.0706138430250498,-0.0026820558433172173
0.766,0.0044428,0.6778960244869813,-0.003971299978466167
0.766,0.0045194,"(ϕ /. {ϕ, 100000})/""""",-0.005252137294720134
0.766,0.004596,"(ϕ /. {ϕ, 100000})/""""",-0.006524093887435342
0.771,0.0038550000000000004,0.9688163810718137,0.006530942266482251
0.771,0.0039321,-0.00003193781616535885,0.005199066129906192
0.771,0.0040092,1.111230732943605,0.0038712850646841768
0.771,0.0040863,1.1773003993726756,0.0025483275600060584
0.771,0.0041634,1.2300427117089536,0.0012308833201648273
0.771,0.0042404999999999995,1.2516476532247363,-0.00008039603783354526
0.771,0.0043176,1.2148129194793094,-0.00138489621328651
0.771,0.0043947000000000005,1.0706188934761431,-0.0026820393865092246
0.771,0.004471800000000001,0.6779153470597644,-0.003971283327865317
0.771,0.0045489,"(ϕ /. {ϕ, 100000})/""""",-0.005252120459269878
0.771,0.004626,"(ϕ /. {ϕ, 100000})/""""",-0.0065240768759170994
0.776,0.00388,0.9688141607431007,0.006530957202975779
0.776,0.0039576,1.0397637673585272,0.005199081327475187
0.776,0.0040352,1.1112285572401803,0.0038713005137357218
0.776,0.0041128,1.177298288335245,0.0025483432509581516
0.776,0.0041904,1.2300411377146998,0.0012308992434744079
0.776,0.004268,1.2516470978068526,-0.00008037989164266096
0.776,0.0043456,1.2148143921727024,-0.0013848798536071696
0.776,0.0044232,1.0706241422142482,-0.002682022822619791
0.776,0.0045008,0.6779343029873008,-0.003971266568916457
0.776,0.0045784,"(ϕ /. {ϕ, 100000})/""""",-0.005252103514269392
0.776,0.004656,"(ϕ /. {ϕ, 100000})/""""",-0.006524059753705472
0.781,0.003905,0.9688123099159361,0.006530972236030254
0.781,0.003983100000000001,1.0397615777640548,0.005199096623294867
0.781,0.0040612,1.1112265051850438,0.003871316062662576
0.781,0.0041393,1.1772963620850136,0.002548359043349692
0.781,0.0042174000000000005,1.2300396765528707,0.0012309152697251163
0.781,0.0042955,1.2516464867781225,-0.00008036364107055771
0.781,0.0043736,1.2148157079587847,-0.0013848633881634945
0.781,0.0044517,1.0706290982335822,-0.0026820061516471816
0.781,0.0045298000000000005,0.6779536524832099,-0.003971249701626239
0.781,0.0046079,"(ϕ /. {ϕ, 100000})/""""",-0.005252086459721646
0.781,0.004686,"(ϕ /. {ϕ, 100000})/""""",-0.006524042520798169
0.786,0.00393,0.9688103968189041,0.006530987365646876
0.786,0.0040086,1.0397594398692374,0.0051991120173609864
0.786,0.0040872,1.1112244208511768,0.0038713317114649065
0.786,0.0041658,1.1772943391887731,0.002548374937179375
0.786,0.004244400000000001,1.2300381525404906,0.0012309313989182225
0.786,0.004323,1.2516459694547473,-0.00008034728611491793
0.786,0.0044016,1.2148171324286257,-0.0013848468169553735
0.786,0.0044802,1.070634388823888,-0.0026819893735911954
0.786,0.004558800000000001,0.6779731344089919,-0.0039712327259894264
0.786,0.0046374,"(ϕ /. {ϕ, 100000})/""""",-0.005252069295625182
0.786,0.004716000000000001,"(ϕ /. {ϕ, 100000})/""""",-0.006524025177199189
0.791,0.003955,0.9688083676158622,0.006531002591824243
0.791,0.0040341000000000005,1.0397573306186287,0.00519912750967854
0.791,0.0041132,1.1112221756648397,0.003871347460141797
0.791,0.0041923,1.1772923260410386,0.0025483909324483175
0.791,0.004271400000000001,1.2300365895296737,0.0012309476310547879
0.791,0.0043505,1.2516454860308834,-0.00008033082677469383
0.791,0.0044296000000000006,1.2148184494798555,-0.0013848301399867063
0.791,0.0045087,1.07063955322349,-0.0026819724884495563
0.791,0.0045878,0.6779925672818874,-0.00397121564200776
0.791,0.0046669,"(ϕ /. {ϕ, 100000})/""""",-0.005252052021981764
0.791,0.004746,"(ϕ /. {ϕ, 100000})/""""",-0.006524007722906525
0.796,0.00398,0.9688064172162489,0.006531017914563529
0.796,0.004059600000000001,1.039755079933224,0.005199143100244885
0.796,0.0041392,1.1112199004146117,0.003871363308694205
0.796,0.0042188,1.177290278529753,0.002548407029158241
0.796,0.004298400000000001,1.2300348779600685,0.0012309639661306007
0.796,0.004378,1.2516449757465924,-0.00008031426305395162
0.796,0.0044576,1.214820047846231,-0.0013848133572517754
0.796,0.004537200000000001,1.0706447555530278,-0.0026819554962257547
0.796,0.004616800000000001,0.678012216287152,-0.003971198449680295
0.796,0.0046964,"(ϕ /. {ϕ, 100000})/""""",-0.005252034638789559
0.796,0.004776000000000001,"(ϕ /. {ϕ, 100000})/""""",-0.006523990157919039
0.801,0.004005,0.968804410214888,0.0065310333338642265
0.801,0.0040851,1.0397529232609626,0.005199158789061908
0.801,0.0041652,1.1112176647449992,0.0038713792571221164
0.801,0.0042453000000000005,1.1772882985819175,0.0025484232273081664
0.801,0.0043254,1.23003333696441,0.0012309804041505529
0.801,0.0044055,1.2516444148868109,-0.0000802975949491802
0.801,0.0044856,1.214821464172684,-0.0013847964687540917
0.801,0.004565700000000001,1.0706500597261157,-0.0026819383969160435
0.801,0.0046458,0.6780320404711041,-0.003971181149007429
0.801,0.0047259,"(ϕ /. {ϕ, 100000})/""""",-0.005252017146047318
0.801,0.004806,"(ϕ /. {ϕ, 100000})/""""",-0.006523972482236434
0.806,0.004030000000000001,0.9688022037135354,0.006531048849725746
0.806,0.004110600000000001,1.039750856725891,0.0051991745761285416
0.806,0.0041912,1.1112155069962437,0.0038713953054260314
0.806,0.0042718,1.1772860205107964,0.002548439526897317
0.806,0.0043524,1.2300317065068875,0.0012309969451126807
0.806,0.004433,1.251643847736966,-0.00008028082246039348
0.806,0.0045136,1.2148228585222693,-0.0013847794744929684
0.806,0.0045942000000000005,1.0706554140027913,-0.002681921190522872
0.806,0.004674800000000001,0.6780522747818575,-0.003971163739990367
0.806,0.0047554,"(ϕ /. {ϕ, 100000})/""""",-0.005251999543759302
0.806,0.004836,"(ϕ /. {ϕ, 100000})/""""",-0.006523954695858668
0.811,0.0040550000000000004,0.9688001326159748,0.006531064462151105
0.811,0.0041361,1.03974869542734,0.005199190461444542
0.811,0.0042172,1.1112133108761564,0.0038714114536077746
0.811,0.0042983000000000006,1.1772840245856664,0.002548455927927337
0.811,0.0043794,1.2300301136449905,0.0012310135890162555
0.811,0.0044605,1.2516432643144468,-0.00008026394558720285
0.811,0.004541600000000001,1.2148244915522393,-0.001384762374468329
0.811,0.0046227,1.0706606216188177,-0.002681903877046296
0.811,0.004703800000000001,0.6780719360716655,-0.003971146222626398
0.811,0.0047849,"(ϕ /. {ϕ, 100000})/""""",-0.005251981831920785
0.811,0.0048660000000000005,"(ϕ /. {ϕ, 100000})/""""",-0.006523936798786739
0.8160000000000001,0.00408,0.9687980764048642,0.006531080171137245
0.8160000000000001,0.0041616000000000005,1.0397464342631497,0.005199206445011401
0.8160000000000001,0.0042432,1.1112111333328198,0.0038714277016640014
0.8160000000000001,0.0043248,1.1772818173145099,0.0025484724303968115
0.8160000000000001,0.0044064,1.2300285023046524,0.0012310303358642888
0.8160000000000001,0.004488,1.2516427977243956,-0.00008024696433143325
0.8160000000000001,0.0045696,1.2148259583027023,-0.0013847451686771206
0.8160000000000001,0.0046512,1.0706661235815293,-0.002681886456485247
0.8160000000000001,0.0047328000000000005,0.6780923034866818,-0.0039711285969148
0.8160000000000001,0.0048144,"(ϕ /. {ϕ, 100000})/""""",-0.005251964010533489
0.8160000000000001,0.004896,"(ϕ /. {ϕ, 100000})/""""",-0.006523918791019372
0.8210000000000001,0.004105,0.9687961901460762,0.0065310959766863505
0.8210000000000001,0.004187100000000001,1.0397441844938622,0.005199222526828112
0.8210000000000001,0.0042692,1.1112087466505054,0.0038714440495955724
0.8210000000000001,0.004351300000000001,1.1772798265445237,0.002548489034306059
0.8210000000000001,0.0044334000000000005,1.2300268583161507,0.0012310471856525965
0.8210000000000001,0.0045155,1.2516421417451522,-0.00008022987869116954
0.8210000000000001,0.0045976,1.2148274772048093,-0.0013847278571249497
0.8210000000000001,0.0046797,1.0706715272672163,-0.0026818689288365324
0.8210000000000001,0.004761800000000001,0.6781124203010856,-0.003971110862860179
0.8210000000000001,0.0048439,"(ϕ /. {ϕ, 100000})/""""",-0.005251946079597253
0.8210000000000001,0.004926000000000001,"(ϕ /. {ϕ, 100000})/""""",-0.006523900672559355
0.8260000000000001,0.00413,0.9687939791347769,0.006531111878797964
0.8260000000000001,0.0042126,1.0397420801826394,0.005199238706895586
0.8260000000000001,0.0042952,1.1112066041454673,0.003871460497406533
0.8260000000000001,0.0043778,1.1772775056114604,0.0025485057396575847
0.8260000000000001,0.004460400000000001,1.230025170301431,0.0012310641383859455
0.8260000000000001,0.004543,1.2516416013958,-0.0000802126886662799
0.8260000000000001,0.0046256000000000005,1.2148290260040229,-0.001384710439805835
0.8260000000000001,0.004708200000000001,1.0706769949923733,-0.0026818512941041983
0.8260000000000001,0.0047908000000000004,0.678132895475691,-0.003971093020456666
0.8260000000000001,0.0048734,"(ϕ /. {ϕ, 100000})/""""",-0.005251928039111502
0.8260000000000001,0.004956,"(ϕ /. {ϕ, 100000})/""""",-0.006523882443401859
0.8310000000000001,0.004155000000000001,0.9687919052660037,0.00653112787747151
0.8310000000000001,0.004238100000000001,1.0397398109391094,0.005199254985212183
0.8310000000000001,0.0043212,1.1112042808996132,0.003871477045091512
0.8310000000000001,0.004404300000000001,1.177275543707903,0.002548522546447829
0.8310000000000001,0.004487400000000001,1.2300235238564523,0.0012310811940616576
0.8310000000000001,0.0045705,1.251640965567751,-0.00008019539425873495
0.8310000000000001,0.0046536,1.2148305705836422,-0.0013846929167212058
0.8310000000000001,0.004736700000000001,1.07068243311917,-0.00268183355228703
0.8310000000000001,0.004819800000000001,0.6781533344184608,-0.003971075069707841
0.8310000000000001,0.0049029,"(ϕ /. {ϕ, 100000})/""""",-0.005251909889075139
0.8310000000000001,0.004986000000000001,"(ϕ /. {ϕ, 100000})/""""",-0.006523864103547841
0.836,0.00418,0.9687896330773392,0.0065311439727069875
0.836,0.0042636,1.039737503409823,0.005199271361780597
0.836,0.0043472,1.111202022372483,0.003871493692654951
0.836,0.0044307999999999995,1.1772733433118667,0.0025485394546786375
0.836,0.0045144,1.2300218881158307,0.0012310983526807387
0.836,0.004598,1.251640422322744,-0.00008017799546611304
0.836,0.0046816,1.2148320272372402,-0.0013846752878730537
0.836,0.0047652,1.0706879345423643,-0.00268181570338432
0.836,0.0048488,0.6781740585151766,-0.0039710570106122195
0.836,0.0049324,"(ϕ /. {ϕ, 100000})/""""",-0.00525189162949051
0.836,0.005016,"(ϕ /. {ϕ, 100000})/""""",-0.006523845652999939
0.841,0.0042049999999999995,0.968787665263472,0.006531160164506486
0.841,0.0042891000000000006,1.0397350868809816,0.005199287836600716
0.841,0.0043732,1.111199695014392,0.0038715104400934217
0.841,0.0044573,1.1772713675607716,0.0025485564643518838
0.841,0.0045414,1.2300201981531964,0.001231115614243522
0.841,0.004625499999999999,1.2516397679145141,-0.00008016049228850436
0.841,0.0047095999999999996,1.2148335331698015,-0.0013846575532584574
0.841,0.0047937,1.0706935047239918,-0.0026817977473955062
0.841,0.0048778,0.6781947875102531,-0.003971038843168913
0.841,0.0049619,"(ϕ /. {ϕ, 100000})/""""",-0.005251873260354506
0.841,0.005046,"(ϕ /. {ϕ, 100000})/""""",-0.006523827091756439
0.846,0.00423,0.9687854790158298,0.0065311764528685826
0.846,0.0043146,1.039732977469926,0.005199304409669911
0.846,0.0043992,1.111197298406958,0.003871527287409887
0.846,0.0044838,1.177268985083792,0.0025485735754677205
0.846,0.0045684,1.230018441962732,0.0012311329787490638
0.846,0.004653,1.2516392257217,-0.00008014288472593667
0.846,0.0047376,1.2148351312413257,-0.001384639712881476
0.846,0.0048222000000000004,1.0706989935724571,-0.002681779684321081
0.846,0.0049068,0.6782159289159875,-0.0039710205673801555
0.846,0.0049914,"(ϕ /. {ϕ, 100000})/""""",-0.005251854781670555
0.846,0.005076,"(ϕ /. {ϕ, 100000})/""""",-0.0065238084198151955
0.851,0.004255,0.9687832594916135,0.006531192837792729
0.851,0.0043401,1.0397306830177329,0.00519932108099172
0.851,0.0044252,1.111195078177121,0.0038715442346038548
0.851,0.0045103,1.1772669139017156,0.0025485907880215194
0.851,0.0045954,1.2300168446240192,0.0012311504462000147
0.851,0.0046805,1.2516387476496063,-0.00008012517277772996
0.851,0.0047656,1.2148366392706702,-0.0013846217667366559
0.851,0.0048507,1.0707047532491145,-0.0026817615141605383
0.851,0.004935800000000001,0.678236784922285,-0.003971002183243047
0.851,0.0050209,"(ϕ /. {ϕ, 100000})/""""",-0.005251836193432939
0.851,0.005106,"(ϕ /. {ϕ, 100000})/""""",-0.006523789637178028
0.856,0.00428,0.968781108871257,0.0065312093192810075
0.856,0.0043656,1.0397282879979062,0.005199337850563361
0.856,0.0044512,1.1111926948282045,0.0038715612816738396
0.856,0.0045368,1.1772646167619671,0.002548608102020608
0.856,0.0046224000000000005,1.2300150507724585,0.0012311680165936895
0.856,0.0047079999999999995,1.2516381677502229,-0.0000801073564463961
0.856,0.004793599999999999,1.2148381349774735,-0.0013846037148278686
0.856,0.0048792,1.070710250423117,-0.0026817432369155986
0.856,0.0049648,0.6782578872030373,-0.003970983690758816
0.856,0.0050504,"(ϕ /. {ϕ, 100000})/""""",-0.00525181749564755
0.856,0.005136,"(ϕ /. {ϕ, 100000})/""""",-0.0065237707438447895
0.861,0.004305,0.968778942416526,0.006531225897332016
0.861,0.0043911,1.0397261227287873,0.0051993547183870475
0.861,0.0044772,1.1111903386729802,0.0038715784286232624
0.861,0.0045633,1.1772624720652898,0.0025486255174581723
0.861,0.004649400000000001,1.2300133899622034,0.001231185689930872
0.861,0.004735499999999999,1.2516374577467586,-0.00008008943572794525
0.861,0.0048216,1.2148397611748014,-0.0013845855571517907
0.861,0.0049077,1.070715962030179,-0.0026817248525830284
0.861,0.0049938000000000005,0.67827909920811,-0.003970965089928259
0.861,0.0050799,"(ϕ /. {ϕ, 100000})/""""",-0.005251798688310834
0.861,0.0051660000000000005,"(ϕ /. {ϕ, 100000})/""""",-0.006523751739813684
0.866,0.00433,0.9687765830969806,0.006531242571946268
0.866,0.0044166000000000006,1.0397236517389277,0.005199371684464646
0.866,0.0045032,1.1111879684881891,0.003871595675449785
0.866,0.0045898,1.1772604625971834,0.0025486430343377234
0.866,0.0046764,1.2300116584811118,0.001231203466212985
0.866,0.004763,1.2516368767567505,-0.00008007141062524314
0.866,0.0048496,1.2148413594641205,-0.0013845672937119885
0.866,0.0049362,1.0707216920211025,-0.0026817063611636605
0.866,0.0050228,0.6783004736811328,-0.003970946380747145
0.866,0.0051094,"(ϕ /. {ϕ, 100000})/""""",-0.005251779771422334
0.866,0.005196,"(ϕ /. {ϕ, 100000})/""""",-0.0065237326250875
0.871,0.004355,0.9687744353056826,0.006531259343125789
0.871,0.0044421,1.039721341777323,0.00519938874879039
0.871,0.0045292,1.1111855499974148,0.003871613022154434
0.871,0.0046163,1.1772578971169743,0.002548660652660767
0.871,0.0047034,1.2300098251636793,0.001231221345440063
0.871,0.0047905,1.251636293905022,-0.00008005328113405707
0.871,0.0048776,1.2148428626175023,-0.0013845489245030013
0.871,0.0049647,1.0707273199480714,-0.002681687762658487
0.871,0.0050518,-9.190067860152237e-6,-0.003970927563221212
0.871,0.0051389,"(ϕ /. {ϕ, 100000})/""""",-0.0052517607449839784
0.871,0.005226,"(ϕ /. {ϕ, 100000})/""""",-0.0065237133996648156
0.876,0.00438,0.9687722919159696,0.006531276210868069
0.876,0.0044676,1.0397190000788326,0.0051994059113696645
0.876,0.0045552,1.1111831057443278,0.003871630468735364
0.876,0.0046428,1.177255668566499,0.0025486783724249368
0.876,0.0047304,1.230008197667685,0.0012312393276106073
0.876,0.004817999999999999,1.2516357125711568,-0.00008003504726056959
0.876,0.0049055999999999995,1.2148445055003354,-0.001384530449530269
0.876,0.004993200000000001,1.0707332350228496,-0.002681669057067612
0.876,0.005080800000000001,0.6783436139713918,-0.003970908637345089
0.876,0.0051684,"(ϕ /. {ϕ, 100000})/""""",-0.005251741608994415
0.876,0.005256,"(ϕ /. {ϕ, 100000})/""""",-0.006523694063544035
0.881,0.004405,0.9687699765150041,0.006531293175173335
0.881,0.004493100000000001,1.0397166260263808,0.005199423172200804
0.881,0.0045812,1.1111806432492872,0.0038716480151952948
0.881,0.0046693,1.1772534242500914,0.0025486961936314056
0.881,0.0047574,1.2300064459917184,0.0012312574127273448
0.881,0.0048455,1.2516350545638328,-0.00008001670900039531
0.881,0.0049336,1.2148461437977878,-0.0013845118687901281
0.881,0.0050217000000000005,1.0707389810578307,-0.0026816502443884616
0.881,0.0051098,0.678365319462354,-0.003970889603121572
0.881,0.0051979,"(ϕ /. {ϕ, 100000})/""""",-0.005251722363451845
0.881,0.005286,"(ϕ /. {ϕ, 100000})/""""",-0.006523674616725796
0.886,0.00443,0.9687679095933464,0.006531310236043544
0.886,0.0045186,1.0397141839013644,0.005199440531283531
0.886,0.0046072,1.1111783836042095,0.0038716656615313677
0.886,0.0046958,1.1772511364470888,0.0025487141162806454
0.886,0.0047844,1.2300046862646974,0.001231275600786827
0.886,0.004873,1.2516344074154404,-0.00007999826635445711
0.886,0.0049616,1.2148476538440434,-0.0013844931822820858
0.886,0.0050502,1.0707447125543017,-0.0026816313246208895
0.886,0.005138800000000001,0.6783871911338171,-0.003970870460549038
0.886,0.0052274,"(ϕ /. {ϕ, 100000})/""""",-0.005251703008358782
0.886,0.005316,"(ϕ /. {ϕ, 100000})/""""",-0.006523655059208468
0.891,0.004455,0.9687654673142728,0.006531327393477782
0.891,0.004544100000000001,1.0397118337922324,0.005199457988620225
0.891,0.0046332,1.1111758343489333,0.003871683407749689
0.891,0.0047223000000000005,1.1772488357535231,0.0025487321403737037
0.891,0.0048114,1.2300029380624862,0.0012312938917933836
0.891,0.0049004999999999995,1.2516337885147197,-0.00007997971932121456
0.891,0.0049896,1.2148493576712045,-0.0013844743900097642
0.891,0.0050787,1.0707505522018663,-0.002681612297766846
0.891,0.0051678,0.6784095268442399,-0.00397085120962852
0.891,0.0052569,"(ϕ /. {ϕ, 100000})/""""",-0.0052516835437134216
0.891,0.005346,"(ϕ /. {ϕ, 100000})/""""",-0.006523635390995548
0.896,0.0044800000000000005,0.9687631941490882,0.006531344647477698
0.896,0.0045696,1.0397093657276306,0.005199475544208819
0.896,0.0046592,1.1111735414466934,0.0038717012538451237
0.896,0.0047488,1.1772465647376018,0.002548750265908298
0.896,0.0048384000000000005,1.2300010675433402,0.001231312285745391
0.896,0.004928,1.2516331544513464,-0.00007996106790272156
0.896,0.0050176,1.2148509994822148,-0.0013844554919690624
0.896,0.0051072,1.0707565802904044,-0.00268159316382581
0.896,0.0051968000000000006,0.6784313427253721,-0.003970831850357008
0.896,0.0052864,"(ϕ /. {ϕ, 100000})/""""",-0.0052516639695160405
0.896,0.005376000000000001,"(ϕ /. {ϕ, 100000})/""""",-0.006523615612083734
0.901,0.004505,0.9687609170614021,0.00653136199804015
0.901,0.0045951,1.039706982519357,0.005199493198049222
0.901,0.0046852,1.1111709224657922,0.00387171919982042
0.901,0.0047753000000000006,1.1772442378243437,0.00254876849288381
0.901,0.004865400000000001,1.229999278140776,0.0012313307826396433
0.901,0.0049555,1.251632534717785,-0.00007994231209652175
0.901,0.0050456,1.214852655916536,-0.0013844364881608617
0.901,0.0051357,1.0707624856623637,-0.002681573922798469
0.901,0.005225800000000001,0.6784535653919719,-0.00397081238273974
0.901,0.0053159,"(ϕ /. {ϕ, 100000})/""""",-0.005251644285768346
0.901,0.005406,"(ϕ /. {ϕ, 100000})/""""",-0.006523595722473317
0.906,0.00453,0.9687585712570365,0.006531379445169183
0.906,0.004620600000000001,1.0397044522146446,0.0051995109501408315
0.906,0.0047112,1.1111684565973179,0.0038717372456721633
0.906,0.0048018,1.1772418225239696,0.002548786821304952
0.906,0.004892400000000001,1.2299975579531635,0.0012313493824836139
0.906,0.004983,1.251631990975952,-0.00007992345190437761
0.906,0.0050736,1.21485426523793,-0.0013844173785861127
0.906,0.005164200000000001,1.0707685798842894,-0.002681554574682346
0.906,0.0052548000000000004,0.6784760368374401,-0.003970792806772289
0.906,0.0053454,"(ϕ /. {ϕ, 100000})/""""",-0.005251624492466717
0.906,0.005436,"(ϕ /. {ϕ, 100000})/""""",-0.0065235757221658655
0.911,0.004555,0.9687562129718589,0.006531396988859919
0.911,0.0046461,1.0397020195205622,0.0051995288004880805
0.911,0.0047372,1.1111659360051998,0.0038717553914032823
0.911,0.0048283,1.177239523057375,0.002548805251167824
0.911,0.004919400000000001,1.2299957936219366,0.0012313680852710368
0.911,0.0050105,1.2516313104167127,-0.00007990448732419358
0.911,0.0051016,1.2148558619185088,-0.0013843981632441285
0.911,0.005192700000000001,1.0707745144536238,-0.0026815351194777667
0.911,0.005283800000000001,0.6784987328583789,-0.003970773122455341
0.911,0.0053749,"(ϕ /. {ϕ, 100000})/""""",-0.005251604589611623
0.911,0.005466,"(ϕ /. {ϕ, 100000})/""""",-0.006523555611158277
0.916,0.00458,0.9687538377278669,0.006531414629118368
0.916,0.004671600000000001,1.0396994983643377,0.005199546749085973
0.916,0.0047631999999999996,1.1111634219792987,0.003871773637013645
0.916,0.0048548,1.1772370908551353,0.0025488237824752152
0.916,0.0049464,1.2299938329273261,0.0012313868910034734
0.916,0.005038,1.2516308147931623,-0.00007988541835840524
0.916,0.0051296,1.2148576100694835,-0.0013843788421331327
0.916,0.0052212000000000005,1.0707805051454362,-0.00268151555718555
0.916,0.0053128,0.6785211113488862,-0.0039707533297886274
0.916,0.0054044,"(ϕ /. {ϕ, 100000})/""""",-0.0052515845772046
0.916,0.005496,"(ϕ /. {ϕ, 100000})/""""",-0.006523535389453952
0.921,0.004605000000000001,0.9687513801130276,0.006531432365939109
0.921,0.004697100000000001,1.0396970451008962,0.00519956479593791
0.921,0.0047892,1.1111608942302227,0.0038717919825048477
0.921,0.0048813,1.1772347699186534,0.0025488424152259534
0.921,0.0049734,1.2299919373530332,0.0012314057996824848
0.921,0.0050655,1.2516300252382069,-0.00007986624500505579
0.921,0.0051576,1.2148592051529916,-0.001384359415256324
0.921,0.0052497,1.0707867294959272,-0.0026814958878029482
0.921,0.005341800000000001,0.6785439150167258,-0.0039707334287718415
0.921,0.0054339,"(ϕ /. {ϕ, 100000})/""""",-0.005251564455245973
0.921,0.0055260000000000005,"(ϕ /. {ϕ, 100000})/""""",-0.006523515057049026
0.926,0.0046300000000000004,0.9687492576214405,0.006531450199329485
0.926,0.0047226,1.039694607525739,0.005199582941045444
0.926,0.0048152,1.1111583083105447,0.003871810427875051
0.926,0.0049078,1.1772324366060183,0.0025488611494197677
0.926,0.0050004,1.2299902000697376,0.001231424811309556
0.926,0.005093,1.2516293932800298,-0.00007984696726318075
0.926,0.0051856,1.214860920724552,-0.001384339882611399
0.926,0.0052782,1.0707924770584152,-0.0026814761113363103
0.926,0.005370800000000001,0.6785667573330417,-0.003970713419405504
0.926,0.0054634,"(ϕ /. {ϕ, 100000})/""""",-0.0052515442237327375
0.926,0.005556,"(ϕ /. {ϕ, 100000})/""""",-0.006523494613945406
0.931,0.004655,0.9687468630093972,0.006531468129280835
0.931,0.004748100000000001,1.0396922012634482,0.005199601184403997
0.931,0.0048412,1.1111556985904494,0.0038718289731239225
0.931,0.0049343,1.1772299751860327,0.002548879985058615
0.931,0.0050274000000000004,1.2299883145785127,0.0012314439258806972
0.931,0.0051205,1.2516287386155336,-0.00007982758513333521
0.931,0.0052136000000000005,1.214862746095116,-0.0013843202441971847
0.931,0.0053067,1.0707988259784311,-0.002681456227776248
0.931,0.005399800000000001,0.6785895143681226,-0.003970693301688442
0.931,0.0054929,"(ϕ /. {ϕ, 100000})/""""",-0.005251523882667246
0.931,0.005586000000000001,"(ϕ /. {ϕ, 100000})/""""",-0.006523474060143551
0.936,0.00468,0.9687444746451679,0.006531486155798481
0.936,0.0047736,1.0396895763979135,0.005199619526017732
0.936,0.0048672,1.1111532464895089,0.0038718476182538833
0.936,0.0049608000000000005,1.1772275483146237,0.00254889892214058
0.936,0.0050544000000000006,1.2299864284301436,0.0012314631434006476
0.936,0.005148,1.2516280702192077,-0.0000798080986172886
0.936,0.0052416,1.2148643403565393,-0.001384300500014389
0.936,0.005335200000000001,1.0708049707408762,-0.002681436237130422
0.936,0.005428800000000001,0.6786128001837398,-0.003970673075620802
0.936,0.0055224,"(ϕ /. {ϕ, 100000})/""""",-0.005251503432048395
0.936,0.005616,"(ϕ /. {ϕ, 100000})/""""",-0.006523453395641435
0.9410000000000001,0.004705,0.9687420325002783,0.006531504278884825
0.9410000000000001,0.004799100000000001,1.0396870602851342,0.005199637965885136
0.9410000000000001,0.0048932,1.1111506913378024,0.003871866363263178
0.9410000000000001,0.0049873,1.1772251904493054,0.0025489179606664747
0.9410000000000001,0.005081400000000001,1.2299845113389103,0.0012314824638647304
0.9410000000000001,0.0051755,1.2516273660549382,-0.00007978850771162005
0.9410000000000001,0.0052696,1.214866068070907,-0.001384280650063574
0.9410000000000001,0.005363700000000001,1.0708111824531823,-0.002681416139394495
0.9410000000000001,0.0054578000000000005,0.6786361689924308,-0.003970652741205581
0.9410000000000001,0.0055519,"(ϕ /. {ϕ, 100000})/""""",-0.005251482871874595
0.9410000000000001,0.005646000000000001,"(ϕ /. {ϕ, 100000})/""""",-0.006523432620438613
0.9460000000000001,0.004730000000000001,0.9687397428068689,0.006531522498534406
0.9460000000000001,0.004824600000000001,1.0396843254358394,0.005199656504004502
0.9460000000000001,0.0049192,1.1111480501822542,0.0038718852081515223
0.9460000000000001,0.0050138000000000005,1.177222758687522,0.002548937100636875
0.9460000000000001,0.005108400000000001,1.2299827628264361,0.0012315018872768799
0.9460000000000001,0.005203,1.2516267171847482,-0.00007976881241959777
0.9460000000000001,0.0052976,1.214867778621854,-0.0013842606943446634
0.9460000000000001,0.005392200000000001,1.070817311976548,-0.00268139593456803
0.9460000000000001,0.005486800000000001,0.6786594211843902,-0.0039706322984372835
0.9460000000000001,0.0055814,"(ϕ /. {ϕ, 100000})/""""",-0.0052514622021484075
0.9460000000000001,0.0056760000000000005,"(ϕ /. {ϕ, 100000})/""""",-0.006523411734538256
0.9510000000000001,0.0047550000000000005,0.9687372948355931,0.006531540814749784
0.9510000000000001,0.0048501,1.039681880750871,0.005199675140379605
0.9510000000000001,0.0049452,1.1111454322788716,0.003871904152921317
0.9510000000000001,0.0050403,1.1772203479519883,0.0025489563420514824
0.9510000000000001,0.005135400000000001,1.2299807519302068,0.0012315214136372418
0.9510000000000001,0.0052305,1.2516261346596533,-0.0000797490127381617
0.9510000000000001,0.005325600000000001,1.2148695076384493,-0.0013842406328557003
0.9510000000000001,0.0054207000000000005,1.0708237709623682,-0.002681375622654497
0.9510000000000001,0.005515800000000001,0.6786827000117857,-0.003970611747318248
0.9510000000000001,0.0056109,"(ϕ /. {ϕ, 100000})/""""",-0.005251441422867972
0.9510000000000001,0.005706,"(ϕ /. {ϕ, 100000})/""""",-0.006523390737936202
0.9560000000000001,0.00478,0.9687347748611754,0.006531559227532117
0.9560000000000001,0.004875600000000001,1.0396792681391842,0.0051996938750086125
0.9560000000000001,0.0049712,1.1111427914033956,0.00387192319757218
0.9560000000000001,0.005066800000000001,1.1772177657808627,0.0025489756849108036
0.9560000000000001,0.005162400000000001,1.2299789062265754,0.0012315410429432072
0.9560000000000001,0.0052580000000000005,1.2516254528100628,-0.00007972910866791555
0.9560000000000001,0.0053536,1.2148713409409144,-0.0013842204655988774
0.9560000000000001,0.0054492,1.0708299934946364,-0.0026813552036485874
0.9560000000000001,0.005544800000000001,0.6787064020303929,-0.003970591087848849
0.9560000000000001,0.0056404,"(ϕ /. {ϕ, 100000})/""""",-0.005251420534032054
0.9560000000000001,0.005736000000000001,"(ϕ /. {ϕ, 100000})/""""",-0.006523369630634053
0.961,0.004805,0.9687323050865796,0.00653157773688056
0.961,0.0049011,1.039676909621664,0.00519971270789308
0.961,0.004997199999999999,1.11114008664843,0.0038719423421017043
0.961,0.0050933,1.17721555025394,0.002548995129215345
0.961,0.0051894,1.2299769315267466,0.0012315607751969757
0.961,0.005285499999999999,1.2516248413024158,-0.00007970910021084382
0.961,0.005381599999999999,1.2148728988916575,-0.0013842001925710584
0.961,0.0054777,1.070836488140858,-0.0026813346775555053
0.961,0.0055738,0.6787302593874106,-0.003970570320027102
0.961,0.005669899999999999,"(ϕ /. {ϕ, 100000})/""""",-0.005251399535644151
0.961,0.005766,"(ϕ /. {ϕ, 100000})/""""",-0.006523348412631046
0.966,0.00483,0.9687298406456174,0.006531596342795008
0.966,0.004926600000000001,1.0396741050499438,0.005199731639031056
0.966,0.005023199999999999,1.1111375770445164,0.0038719615865124984
0.966,0.0051198,1.1772128709233447,0.0025490146749647252
0.966,0.0052164,1.2299750188203866,0.0012315806103967153
0.966,0.005312999999999999,1.251624114925089,-0.00007968898736306074
0.966,0.0054096,1.2148747566768061,-0.0013841798137765038
0.966,0.0055062,1.0708426363697334,-0.002681314044371219
0.966,0.005602800000000001,0.6787539768485282,-0.003970549443854152
0.966,0.005699399999999999,"(ϕ /. {ϕ, 100000})/""""",-0.005251378427699321
0.966,0.005796,"(ϕ /. {ϕ, 100000})/""""",-0.00652332708392938
0.971,0.004855,0.969934357960768,0.006531615045276079
0.971,0.0049521,1.0396714723915013,0.0051997506684234585
0.971,0.005049199999999999,1.1111348618964374,0.003871980930805978
0.971,0.0051462999999999995,1.177210385041896,0.0025490343221598877
0.971,0.0052434000000000005,1.2299731561425247,0.0012316005485466866
0.971,0.0053405,1.2516235374957425,-0.00007966877012791085
0.971,0.0054376,1.214876471276177,-0.0013841593292101273
0.971,0.0055347,1.0708491207021777,-0.0026812933040978107
0.971,0.0056318,0.678777823671338,-0.003970528459330831
0.971,0.0057288999999999994,"(ϕ /. {ϕ, 100000})/""""",-0.0052513572102007924
0.971,0.005826,"(ϕ /. {ϕ, 100000})/""""",-0.00652330564452424
0.976,0.00488,0.9699319323842216,0.00653163384432439
0.976,0.0049776,1.0396687306977528,0.0051997697960714795
0.976,0.005075199999999999,1.1111321777189935,0.0038720003749785625
0.976,0.0051728,1.177207790527872,0.0025490540707998124
0.976,0.0052704,1.2299711695305204,0.0012316205896429483
0.976,0.0053679999999999995,1.25162283557174,-0.00007964844850052999
0.976,0.0054656,1.2148783514976231,-0.0013841387388761617
0.976,0.0055632,1.0708554571965518,-0.0026812724567325877
0.976,0.0056608000000000006,0.6788017402683317,-0.003970507366456065
0.976,0.0057583999999999995,"(ϕ /. {ϕ, 100000})/""""",-0.0052513358831465795
0.976,0.005856,"(ϕ /. {ϕ, 100000})/""""",-0.006523284094419511
0.981,0.004905,0.9699293675965264,0.0065316527399382415
0.981,0.0050031,1.0396660023225628,0.005199789021974439
0.981,0.005101199999999999,1.1111294587738776,0.0038720199190330415
0.981,0.0051993,1.1772052682267014,0.002549073920885242
0.981,0.0052974,1.2299691770736287,0.0012316407336884147
0.981,0.005395499999999999,1.251622083596995,-0.00007962802248791256
0.981,0.0054935999999999995,1.2148801563593912,-0.001384118042770409
0.981,0.0055917,1.0708619477197059,-0.002681251502276265
0.981,0.0056898,0.6788260096473018,-0.003970486165228229
0.981,0.0057878999999999995,"(ϕ /. {ϕ, 100000})/""""",-0.005251314446539333
0.981,0.005886,"(ϕ /. {ϕ, 100000})/""""",-0.006523262433614015
0.986,0.00493,0.9699268437281902,0.006531671732120298
0.986,0.0050286,1.0396635887842256,0.005199808346132526
0.986,0.005127199999999999,1.1111267191758716,0.003872039562969873
0.986,0.0052258,1.177202822204662,0.0025490938724163983
0.986,0.0053244,1.2299671454541352,0.0012316609806810597
0.986,0.005423,1.2516213976320407,-0.00007960749208406337
0.986,0.0055216,1.2148818743909866,-0.0013840972408951033
0.986,0.0056202000000000005,1.0696941044430894,-0.002681230440731243
0.986,0.0057188000000000004,0.678850412981508,-0.00397046485564833
0.986,0.0058173999999999995,"(ϕ /. {ϕ, 100000})/""""",-0.005251292900372406
0.986,0.005916,"(ϕ /. {ϕ, 100000})/""""",-0.006523240662107965
0.991,0.004955,0.9699243473662107,0.0065316908208696775
0.991,0.005054100000000001,1.0396609523472753,0.005199827768545925
0.991,0.0051532,1.1111240986072881,0.0038720593067872663
0.991,0.0052523,1.177199965668669,0.002549113925394038
0.991,0.0053514,1.2299652136894796,0.0012316813306220004
0.991,0.0054505,1.251620655435553,-0.00007958685728878118
0.991,0.0055496,1.214883744201353,-0.0013840763332478787
0.991,0.0056487,1.0697005857483377,-0.0026812092720955513
0.991,0.005747800000000001,0.6788748756842665,-0.003970443437717346
0.991,0.0058468999999999995,"(ϕ /. {ϕ, 100000})/""""",-0.005251271244653674
0.991,0.005946,"(ϕ /. {ϕ, 100000})/""""",-0.006523218779896409
0.996,0.00498,0.9699217593000413,0.0065317100061849515
0.996,0.0050796,1.0396583091949363,0.0051998472892149095
0.996,0.0051792,1.1111212924464284,0.0038720791504860685
0.996,0.0052788,1.177197634556898,0.0025491340798168144
0.996,0.0053784,1.2299632658665351,0.0012317017835143315
0.996,0.005477999999999999,1.251620003063357,-0.00007956611810554931
0.996,0.0055776,1.2148855743093714,-0.0013840553198314898
0.996,0.0056772,1.0697071431196996,-0.0026811879963676427
0.996,0.0057768,0.6788995726289878,-0.003970421911431175
0.996,0.0058763999999999995,"(ϕ /. {ϕ, 100000})/""""",-0.0052512494793782935
0.996,0.005976,"(ϕ /. {ϕ, 100000})/""""",-0.006523196786986846
